,idx,pop_num,pop_cum_num,ID_num_0.68,ID_cum_num_0.68,ID_cum_rate_0.68,ID_rate_0.68,ID_num_0.9,ID_cum_num_0.9,ID_cum_rate_0.9,ID_rate_0.9,ID_num_0.95,ID_cum_num_0.95,ID_cum_rate_0.95,ID_rate_0.95,ID_num_0.99,ID_cum_num_0.99,ID_cum_rate_0.99,ID_rate_0.99,ID_num_0.999,ID_cum_num_0.999,ID_cum_rate_0.999,ID_rate_0.999,ID_num_0.9999,ID_cum_num_0.9999,ID_cum_rate_0.9999,ID_rate_0.9999,ID_num_0.99999,ID_cum_num_0.99999,ID_cum_rate_0.99999,ID_rate_0.99999
0,1,2,2,2,2,1.0,1.0,2,2,1.0,1.0,2,2,1.0,1.0,2,2,1.0,1.0,2,2,1.0,1.0,2,2,1.0,1.0,2,2,1.0,1.0
1,2,2,4,0,2,0.5,0.0,1,3,0.75,0.5,1,3,0.75,0.5,1,3,0.75,0.5,2,4,1.0,1.0,2,4,1.0,1.0,2,4,1.0,1.0
2,3,1,5,0,2,0.4,0.0,0,3,0.6,0.0,1,4,0.8,1.0,1,4,0.8,1.0,1,5,1.0,1.0,1,5,1.0,1.0,1,5,1.0,1.0
3,5,1,6,0,2,0.333,0.0,1,4,0.667,1.0,1,5,0.833,1.0,1,5,0.833,1.0,1,6,1.0,1.0,1,6,1.0,1.0,1,6,1.0,1.0
4,6,2,8,0,2,0.25,0.0,2,6,0.75,1.0,2,7,0.875,1.0,2,7,0.875,1.0,2,8,1.0,1.0,2,8,1.0,1.0,2,8,1.0,1.0
5,7,2,10,1,3,0.3,0.5,2,8,0.8,1.0,2,9,0.9,1.0,2,9,0.9,1.0,2,10,1.0,1.0,2,10,1.0,1.0,2,10,1.0,1.0
6,8,2,12,0,3,0.25,0.0,1,9,0.75,0.5,1,10,0.833,0.5,2,11,0.917,1.0,2,12,1.0,1.0,2,12,1.0,1.0,2,12,1.0,1.0
7,9,1,13,1,4,0.308,1.0,1,10,0.769,1.0,1,11,0.846,1.0,1,12,0.923,1.0,1,13,1.0,1.0,1,13,1.0,1.0,1,13,1.0,1.0
8,11,1,14,0,4,0.286,0.0,1,11,0.786,1.0,1,12,0.857,1.0,1,13,0.929,1.0,1,14,1.0,1.0,1,14,1.0,1.0,1,14,1.0,1.0
9,12,3,17,2,6,0.353,0.667,3,14,0.824,1.0,3,15,0.882,1.0,3,16,0.941,1.0,3,17,1.0,1.0,3,17,1.0,1.0,3,17,1.0,1.0
10,13,1,18,1,7,0.389,1.0,1,15,0.833,1.0,1,16,0.889,1.0,1,17,0.944,1.0,1,18,1.0,1.0,1,18,1.0,1.0,1,18,1.0,1.0
11,14,2,20,1,8,0.4,0.5,2,17,0.85,1.0,2,18,0.9,1.0,2,19,0.95,1.0,2,20,1.0,1.0,2,20,1.0,1.0,2,20,1.0,1.0
12,15,2,22,1,9,0.409,0.5,1,18,0.818,0.5,2,20,0.909,1.0,2,21,0.955,1.0,2,22,1.0,1.0,2,22,1.0,1.0,2,22,1.0,1.0
13,16,1,23,1,10,0.435,1.0,1,19,0.826,1.0,1,21,0.913,1.0,1,22,0.957,1.0,1,23,1.0,1.0,1,23,1.0,1.0,1,23,1.0,1.0
14,17,2,25,2,12,0.48,1.0,2,21,0.84,1.0,2,23,0.92,1.0,2,24,0.96,1.0,2,25,1.0,1.0,2,25,1.0,1.0,2,25,1.0,1.0
15,18,1,26,1,13,0.5,1.0,1,22,0.846,1.0,1,24,0.923,1.0,1,25,0.962,1.0,1,26,1.0,1.0,1,26,1.0,1.0,1,26,1.0,1.0
16,19,2,28,2,15,0.536,1.0,2,24,0.857,1.0,2,26,0.929,1.0,2,27,0.964,1.0,2,28,1.0,1.0,2,28,1.0,1.0,2,28,1.0,1.0
17,20,3,31,3,18,0.581,1.0,3,27,0.871,1.0,3,29,0.935,1.0,3,30,0.968,1.0,3,31,1.0,1.0,3,31,1.0,1.0,3,31,1.0,1.0
18,21,4,35,3,21,0.6,0.75,3,30,0.857,0.75,4,33,0.943,1.0,4,34,0.971,1.0,4,35,1.0,1.0,4,35,1.0,1.0,4,35,1.0,1.0
19,22,5,40,4,25,0.625,0.8,5,35,0.875,1.0,5,38,0.95,1.0,5,39,0.975,1.0,5,40,1.0,1.0,5,40,1.0,1.0,5,40,1.0,1.0
20,23,5,45,5,30,0.667,1.0,5,40,0.889,1.0,5,43,0.956,1.0,5,44,0.978,1.0,5,45,1.0,1.0,5,45,1.0,1.0,5,45,1.0,1.0
21,24,8,53,5,35,0.66,0.625,8,48,0.906,1.0,8,51,0.962,1.0,8,52,0.981,1.0,8,53,1.0,1.0,8,53,1.0,1.0,8,53,1.0,1.0
22,25,7,60,7,42,0.7,1.0,7,55,0.917,1.0,7,58,0.967,1.0,7,59,0.983,1.0,7,60,1.0,1.0,7,60,1.0,1.0,7,60,1.0,1.0
23,26,10,70,8,50,0.714,0.8,10,65,0.929,1.0,10,68,0.971,1.0,10,69,0.986,1.0,10,70,1.0,1.0,10,70,1.0,1.0,10,70,1.0,1.0
24,27,7,77,3,53,0.688,0.429,4,69,0.896,0.571,6,74,0.961,0.857,7,76,0.987,1.0,7,77,1.0,1.0,7,77,1.0,1.0,7,77,1.0,1.0
25,28,4,81,3,56,0.691,0.75,4,73,0.901,1.0,4,78,0.963,1.0,4,80,0.988,1.0,4,81,1.0,1.0,4,81,1.0,1.0,4,81,1.0,1.0
26,29,5,86,4,60,0.698,0.8,4,77,0.895,0.8,4,82,0.953,0.8,5,85,0.988,1.0,5,86,1.0,1.0,5,86,1.0,1.0,5,86,1.0,1.0
27,30,5,91,5,65,0.714,1.0,5,82,0.901,1.0,5,87,0.956,1.0,5,90,0.989,1.0,5,91,1.0,1.0,5,91,1.0,1.0,5,91,1.0,1.0
28,31,5,96,4,69,0.719,0.8,5,87,0.906,1.0,5,92,0.958,1.0,5,95,0.99,1.0,5,96,1.0,1.0,5,96,1.0,1.0,5,96,1.0,1.0
29,32,8,104,6,75,0.721,0.75,6,93,0.894,0.75,8,100,0.962,1.0,8,103,0.99,1.0,8,104,1.0,1.0,8,104,1.0,1.0,8,104,1.0,1.0
30,33,8,112,7,82,0.732,0.875,7,100,0.893,0.875,8,108,0.964,1.0,8,111,0.991,1.0,8,112,1.0,1.0,8,112,1.0,1.0,8,112,1.0,1.0
31,34,4,116,3,85,0.733,0.75,4,104,0.897,1.0,4,112,0.966,1.0,4,115,0.991,1.0,4,116,1.0,1.0,4,116,1.0,1.0,4,116,1.0,1.0
32,35,11,127,7,92,0.724,0.636,10,114,0.898,0.909,11,123,0.969,1.0,11,126,0.992,1.0,11,127,1.0,1.0,11,127,1.0,1.0,11,127,1.0,1.0
33,36,9,136,8,100,0.735,0.889,9,123,0.904,1.0,9,132,0.971,1.0,9,135,0.993,1.0,9,136,1.0,1.0,9,136,1.0,1.0,9,136,1.0,1.0
34,37,7,143,4,104,0.727,0.571,5,128,0.895,0.714,7,139,0.972,1.0,7,142,0.993,1.0,7,143,1.0,1.0,7,143,1.0,1.0,7,143,1.0,1.0
35,38,12,155,10,114,0.735,0.833,10,138,0.89,0.833,10,149,0.961,0.833,12,154,0.994,1.0,12,155,1.0,1.0,12,155,1.0,1.0,12,155,1.0,1.0
36,39,7,162,6,120,0.741,0.857,7,145,0.895,1.0,7,156,0.963,1.0,7,161,0.994,1.0,7,162,1.0,1.0,7,162,1.0,1.0,7,162,1.0,1.0
37,40,9,171,7,127,0.743,0.778,9,154,0.901,1.0,9,165,0.965,1.0,9,170,0.994,1.0,9,171,1.0,1.0,9,171,1.0,1.0,9,171,1.0,1.0
38,41,8,179,5,132,0.737,0.625,8,162,0.905,1.0,8,173,0.966,1.0,8,178,0.994,1.0,8,179,1.0,1.0,8,179,1.0,1.0,8,179,1.0,1.0
39,42,8,187,3,135,0.722,0.375,5,167,0.893,0.625,7,180,0.963,0.875,8,186,0.995,1.0,8,187,1.0,1.0,8,187,1.0,1.0,8,187,1.0,1.0
40,43,7,194,6,141,0.727,0.857,7,174,0.897,1.0,7,187,0.964,1.0,7,193,0.995,1.0,7,194,1.0,1.0,7,194,1.0,1.0,7,194,1.0,1.0
41,44,10,204,4,145,0.711,0.4,9,183,0.897,0.9,9,196,0.961,0.9,10,203,0.995,1.0,10,204,1.0,1.0,10,204,1.0,1.0,10,204,1.0,1.0
42,45,10,214,7,152,0.71,0.7,8,191,0.893,0.8,9,205,0.958,0.9,10,213,0.995,1.0,10,214,1.0,1.0,10,214,1.0,1.0,10,214,1.0,1.0
43,46,1,215,0,152,0.707,0.0,0,191,0.888,0.0,0,205,0.953,0.0,1,214,0.995,1.0,1,215,1.0,1.0,1,215,1.0,1.0,1,215,1.0,1.0
44,47,10,225,7,159,0.707,0.7,9,200,0.889,0.9,10,215,0.956,1.0,10,224,0.996,1.0,10,225,1.0,1.0,10,225,1.0,1.0,10,225,1.0,1.0
45,48,14,239,8,167,0.699,0.571,14,214,0.895,1.0,14,229,0.958,1.0,14,238,0.996,1.0,14,239,1.0,1.0,14,239,1.0,1.0,14,239,1.0,1.0
46,49,12,251,8,175,0.697,0.667,12,226,0.9,1.0,12,241,0.96,1.0,12,250,0.996,1.0,12,251,1.0,1.0,12,251,1.0,1.0,12,251,1.0,1.0
47,50,8,259,5,180,0.695,0.625,7,233,0.9,0.875,8,249,0.961,1.0,8,258,0.996,1.0,8,259,1.0,1.0,8,259,1.0,1.0,8,259,1.0,1.0
48,51,11,270,7,187,0.693,0.636,9,242,0.896,0.818,10,259,0.959,0.909,11,269,0.996,1.0,11,270,1.0,1.0,11,270,1.0,1.0,11,270,1.0,1.0
49,52,6,276,5,192,0.696,0.833,6,248,0.899,1.0,6,265,0.96,1.0,6,275,0.996,1.0,6,276,1.0,1.0,6,276,1.0,1.0,6,276,1.0,1.0
50,53,9,285,5,197,0.691,0.556,8,256,0.898,0.889,8,273,0.958,0.889,9,284,0.996,1.0,9,285,1.0,1.0,9,285,1.0,1.0,9,285,1.0,1.0
51,54,12,297,4,201,0.677,0.333,11,267,0.899,0.917,12,285,0.96,1.0,12,296,0.997,1.0,12,297,1.0,1.0,12,297,1.0,1.0,12,297,1.0,1.0
52,55,11,308,5,206,0.669,0.455,7,274,0.89,0.636,11,296,0.961,1.0,11,307,0.997,1.0,11,308,1.0,1.0,11,308,1.0,1.0,11,308,1.0,1.0
53,56,11,319,5,211,0.661,0.455,10,284,0.89,0.909,10,306,0.959,0.909,11,318,0.997,1.0,11,319,1.0,1.0,11,319,1.0,1.0,11,319,1.0,1.0
54,57,12,331,6,217,0.656,0.5,11,295,0.891,0.917,12,318,0.961,1.0,12,330,0.997,1.0,12,331,1.0,1.0,12,331,1.0,1.0,12,331,1.0,1.0
55,58,7,338,5,222,0.657,0.714,6,301,0.891,0.857,6,324,0.959,0.857,7,337,0.997,1.0,7,338,1.0,1.0,7,338,1.0,1.0,7,338,1.0,1.0
56,59,12,350,7,229,0.654,0.583,11,312,0.891,0.917,12,336,0.96,1.0,12,349,0.997,1.0,12,350,1.0,1.0,12,350,1.0,1.0,12,350,1.0,1.0
57,60,9,359,7,236,0.657,0.778,8,320,0.891,0.889,8,344,0.958,0.889,8,357,0.994,0.889,9,359,1.0,1.0,9,359,1.0,1.0,9,359,1.0,1.0
58,61,10,369,3,239,0.648,0.3,8,328,0.889,0.8,9,353,0.957,0.9,10,367,0.995,1.0,10,369,1.0,1.0,10,369,1.0,1.0,10,369,1.0,1.0
59,62,9,378,5,244,0.646,0.556,9,337,0.892,1.0,9,362,0.958,1.0,9,376,0.995,1.0,9,378,1.0,1.0,9,378,1.0,1.0,9,378,1.0,1.0
60,63,9,387,4,248,0.641,0.444,7,344,0.889,0.778,9,371,0.959,1.0,9,385,0.995,1.0,9,387,1.0,1.0,9,387,1.0,1.0,9,387,1.0,1.0
61,64,6,393,5,253,0.644,0.833,6,350,0.891,1.0,6,377,0.959,1.0,6,391,0.995,1.0,6,393,1.0,1.0,6,393,1.0,1.0,6,393,1.0,1.0
62,65,4,397,2,255,0.642,0.5,4,354,0.892,1.0,4,381,0.96,1.0,4,395,0.995,1.0,4,397,1.0,1.0,4,397,1.0,1.0,4,397,1.0,1.0
63,66,9,406,5,260,0.64,0.556,8,362,0.892,0.889,9,390,0.961,1.0,9,404,0.995,1.0,9,406,1.0,1.0,9,406,1.0,1.0,9,406,1.0,1.0
64,67,11,417,5,265,0.635,0.455,11,373,0.894,1.0,11,401,0.962,1.0,11,415,0.995,1.0,11,417,1.0,1.0,11,417,1.0,1.0,11,417,1.0,1.0
65,68,15,432,10,275,0.637,0.667,14,387,0.896,0.933,15,416,0.963,1.0,15,430,0.995,1.0,15,432,1.0,1.0,15,432,1.0,1.0,15,432,1.0,1.0
66,69,10,442,6,281,0.636,0.6,9,396,0.896,0.9,10,426,0.964,1.0,10,440,0.995,1.0,10,442,1.0,1.0,10,442,1.0,1.0,10,442,1.0,1.0
67,70,11,453,7,288,0.636,0.636,9,405,0.894,0.818,10,436,0.962,0.909,11,451,0.996,1.0,11,453,1.0,1.0,11,453,1.0,1.0,11,453,1.0,1.0
68,71,13,466,5,293,0.629,0.385,12,417,0.895,0.923,12,448,0.961,0.923,13,464,0.996,1.0,13,466,1.0,1.0,13,466,1.0,1.0,13,466,1.0,1.0
69,72,10,476,4,297,0.624,0.4,6,423,0.889,0.6,7,455,0.956,0.7,10,474,0.996,1.0,10,476,1.0,1.0,10,476,1.0,1.0,10,476,1.0,1.0
70,73,10,486,4,301,0.619,0.4,9,432,0.889,0.9,10,465,0.957,1.0,10,484,0.996,1.0,10,486,1.0,1.0,10,486,1.0,1.0,10,486,1.0,1.0
71,74,10,496,3,304,0.613,0.3,9,441,0.889,0.9,10,475,0.958,1.0,10,494,0.996,1.0,10,496,1.0,1.0,10,496,1.0,1.0,10,496,1.0,1.0
72,75,8,504,5,309,0.613,0.625,7,448,0.889,0.875,8,483,0.958,1.0,8,502,0.996,1.0,8,504,1.0,1.0,8,504,1.0,1.0,8,504,1.0,1.0
73,76,9,513,5,314,0.612,0.556,8,456,0.889,0.889,9,492,0.959,1.0,9,511,0.996,1.0,9,513,1.0,1.0,9,513,1.0,1.0,9,513,1.0,1.0
74,77,14,527,10,324,0.615,0.714,12,468,0.888,0.857,12,504,0.956,0.857,14,525,0.996,1.0,14,527,1.0,1.0,14,527,1.0,1.0,14,527,1.0,1.0
75,78,9,536,3,327,0.61,0.333,7,475,0.886,0.778,7,511,0.953,0.778,9,534,0.996,1.0,9,536,1.0,1.0,9,536,1.0,1.0,9,536,1.0,1.0
76,79,7,543,3,330,0.608,0.429,5,480,0.884,0.714,6,517,0.952,0.857,7,541,0.996,1.0,7,543,1.0,1.0,7,543,1.0,1.0,7,543,1.0,1.0
77,80,11,554,5,335,0.605,0.455,11,491,0.886,1.0,11,528,0.953,1.0,11,552,0.996,1.0,11,554,1.0,1.0,11,554,1.0,1.0,11,554,1.0,1.0
78,81,11,565,8,343,0.607,0.727,10,501,0.887,0.909,11,539,0.954,1.0,11,563,0.996,1.0,11,565,1.0,1.0,11,565,1.0,1.0,11,565,1.0,1.0
79,82,8,573,2,345,0.602,0.25,8,509,0.888,1.0,8,547,0.955,1.0,8,571,0.997,1.0,8,573,1.0,1.0,8,573,1.0,1.0,8,573,1.0,1.0
80,83,8,581,5,350,0.602,0.625,8,517,0.89,1.0,8,555,0.955,1.0,8,579,0.997,1.0,8,581,1.0,1.0,8,581,1.0,1.0,8,581,1.0,1.0
81,84,4,585,1,351,0.6,0.25,3,520,0.889,0.75,3,558,0.954,0.75,4,583,0.997,1.0,4,585,1.0,1.0,4,585,1.0,1.0,4,585,1.0,1.0
82,85,10,595,4,355,0.597,0.4,8,528,0.887,0.8,10,568,0.955,1.0,10,593,0.997,1.0,10,595,1.0,1.0,10,595,1.0,1.0,10,595,1.0,1.0
83,86,9,604,6,361,0.598,0.667,8,536,0.887,0.889,8,576,0.954,0.889,9,602,0.997,1.0,9,604,1.0,1.0,9,604,1.0,1.0,9,604,1.0,1.0
84,87,8,612,1,362,0.592,0.125,4,540,0.882,0.5,6,582,0.951,0.75,8,610,0.997,1.0,8,612,1.0,1.0,8,612,1.0,1.0,8,612,1.0,1.0
85,88,4,616,2,364,0.591,0.5,3,543,0.881,0.75,3,585,0.95,0.75,4,614,0.997,1.0,4,616,1.0,1.0,4,616,1.0,1.0,4,616,1.0,1.0
86,89,8,624,5,369,0.591,0.625,7,550,0.881,0.875,8,593,0.95,1.0,8,622,0.997,1.0,8,624,1.0,1.0,8,624,1.0,1.0,8,624,1.0,1.0
87,90,11,635,5,374,0.589,0.455,8,558,0.879,0.727,9,602,0.948,0.818,11,633,0.997,1.0,11,635,1.0,1.0,11,635,1.0,1.0,11,635,1.0,1.0
88,91,7,642,3,377,0.587,0.429,6,564,0.879,0.857,6,608,0.947,0.857,7,640,0.997,1.0,7,642,1.0,1.0,7,642,1.0,1.0,7,642,1.0,1.0
89,92,7,649,3,380,0.586,0.429,5,569,0.877,0.714,7,615,0.948,1.0,7,647,0.997,1.0,7,649,1.0,1.0,7,649,1.0,1.0,7,649,1.0,1.0
90,93,8,657,3,383,0.583,0.375,6,575,0.875,0.75,6,621,0.945,0.75,8,655,0.997,1.0,8,657,1.0,1.0,8,657,1.0,1.0,8,657,1.0,1.0
91,94,11,668,3,386,0.578,0.273,11,586,0.877,1.0,11,632,0.946,1.0,11,666,0.997,1.0,11,668,1.0,1.0,11,668,1.0,1.0,11,668,1.0,1.0
92,95,15,683,4,390,0.571,0.267,12,598,0.876,0.8,13,645,0.944,0.867,15,681,0.997,1.0,15,683,1.0,1.0,15,683,1.0,1.0,15,683,1.0,1.0
93,96,5,688,2,392,0.57,0.4,4,602,0.875,0.8,5,650,0.945,1.0,5,686,0.997,1.0,5,688,1.0,1.0,5,688,1.0,1.0,5,688,1.0,1.0
94,97,10,698,4,396,0.567,0.4,9,611,0.875,0.9,9,659,0.944,0.9,10,696,0.997,1.0,10,698,1.0,1.0,10,698,1.0,1.0,10,698,1.0,1.0
95,98,7,705,3,399,0.566,0.429,7,618,0.877,1.0,7,666,0.945,1.0,7,703,0.997,1.0,7,705,1.0,1.0,7,705,1.0,1.0,7,705,1.0,1.0
96,99,16,721,7,406,0.563,0.438,11,629,0.872,0.688,14,680,0.943,0.875,15,718,0.996,0.938,16,721,1.0,1.0,16,721,1.0,1.0,16,721,1.0,1.0
97,100,10,731,3,409,0.56,0.3,7,636,0.87,0.7,8,688,0.941,0.8,10,728,0.996,1.0,10,731,1.0,1.0,10,731,1.0,1.0,10,731,1.0,1.0
98,101,8,739,3,412,0.558,0.375,8,644,0.871,1.0,8,696,0.942,1.0,8,736,0.996,1.0,8,739,1.0,1.0,8,739,1.0,1.0,8,739,1.0,1.0
99,102,15,754,6,418,0.554,0.4,13,657,0.871,0.867,14,710,0.942,0.933,15,751,0.996,1.0,15,754,1.0,1.0,15,754,1.0,1.0,15,754,1.0,1.0
100,103,10,764,6,424,0.555,0.6,6,663,0.868,0.6,7,717,0.938,0.7,10,761,0.996,1.0,10,764,1.0,1.0,10,764,1.0,1.0,10,764,1.0,1.0
101,104,8,772,5,429,0.556,0.625,6,669,0.867,0.75,6,723,0.937,0.75,7,768,0.995,0.875,8,772,1.0,1.0,8,772,1.0,1.0,8,772,1.0,1.0
102,105,11,783,3,432,0.552,0.273,6,675,0.862,0.545,10,733,0.936,0.909,11,779,0.995,1.0,11,783,1.0,1.0,11,783,1.0,1.0,11,783,1.0,1.0
103,106,6,789,3,435,0.551,0.5,4,679,0.861,0.667,5,738,0.935,0.833,6,785,0.995,1.0,6,789,1.0,1.0,6,789,1.0,1.0,6,789,1.0,1.0
104,107,14,803,1,436,0.543,0.071,7,686,0.854,0.5,8,746,0.929,0.571,14,799,0.995,1.0,14,803,1.0,1.0,14,803,1.0,1.0,14,803,1.0,1.0
105,108,10,813,4,440,0.541,0.4,7,693,0.852,0.7,8,754,0.927,0.8,9,808,0.994,0.9,10,813,1.0,1.0,10,813,1.0,1.0,10,813,1.0,1.0
106,109,6,819,1,441,0.538,0.167,4,697,0.851,0.667,5,759,0.927,0.833,6,814,0.994,1.0,6,819,1.0,1.0,6,819,1.0,1.0,6,819,1.0,1.0
107,110,7,826,3,444,0.538,0.429,5,702,0.85,0.714,6,765,0.926,0.857,7,821,0.994,1.0,7,826,1.0,1.0,7,826,1.0,1.0,7,826,1.0,1.0
108,111,11,837,3,447,0.534,0.273,9,711,0.849,0.818,11,776,0.927,1.0,11,832,0.994,1.0,11,837,1.0,1.0,11,837,1.0,1.0,11,837,1.0,1.0
109,112,10,847,4,451,0.532,0.4,7,718,0.848,0.7,8,784,0.926,0.8,10,842,0.994,1.0,10,847,1.0,1.0,10,847,1.0,1.0,10,847,1.0,1.0
110,113,5,852,1,452,0.531,0.2,5,723,0.849,1.0,5,789,0.926,1.0,5,847,0.994,1.0,5,852,1.0,1.0,5,852,1.0,1.0,5,852,1.0,1.0
111,114,6,858,3,455,0.53,0.5,4,727,0.847,0.667,6,795,0.927,1.0,6,853,0.994,1.0,6,858,1.0,1.0,6,858,1.0,1.0,6,858,1.0,1.0
112,115,5,863,1,456,0.528,0.2,4,731,0.847,0.8,5,800,0.927,1.0,5,858,0.994,1.0,5,863,1.0,1.0,5,863,1.0,1.0,5,863,1.0,1.0
113,116,7,870,4,460,0.529,0.571,5,736,0.846,0.714,6,806,0.926,0.857,7,865,0.994,1.0,7,870,1.0,1.0,7,870,1.0,1.0,7,870,1.0,1.0
114,117,11,881,2,462,0.524,0.182,8,744,0.844,0.727,10,816,0.926,0.909,11,876,0.994,1.0,11,881,1.0,1.0,11,881,1.0,1.0,11,881,1.0,1.0
115,118,6,887,4,466,0.525,0.667,5,749,0.844,0.833,5,821,0.926,0.833,6,882,0.994,1.0,6,887,1.0,1.0,6,887,1.0,1.0,6,887,1.0,1.0
116,119,7,894,0,466,0.521,0.0,4,753,0.842,0.571,7,828,0.926,1.0,7,889,0.994,1.0,7,894,1.0,1.0,7,894,1.0,1.0,7,894,1.0,1.0
117,120,12,906,1,467,0.515,0.083,8,761,0.84,0.667,9,837,0.924,0.75,11,900,0.993,0.917,11,905,0.999,0.917,12,906,1.0,1.0,12,906,1.0,1.0
118,121,12,918,5,472,0.514,0.417,10,771,0.84,0.833,10,847,0.923,0.833,12,912,0.993,1.0,12,917,0.999,1.0,12,918,1.0,1.0,12,918,1.0,1.0
119,122,6,924,4,476,0.515,0.667,5,776,0.84,0.833,6,853,0.923,1.0,6,918,0.994,1.0,6,923,0.999,1.0,6,924,1.0,1.0,6,924,1.0,1.0
120,123,11,935,5,481,0.514,0.455,10,786,0.841,0.909,11,864,0.924,1.0,11,929,0.994,1.0,11,934,0.999,1.0,11,935,1.0,1.0,11,935,1.0,1.0
121,124,6,941,2,483,0.513,0.333,6,792,0.842,1.0,6,870,0.925,1.0,6,935,0.994,1.0,6,940,0.999,1.0,6,941,1.0,1.0,6,941,1.0,1.0
122,125,10,951,3,486,0.511,0.3,9,801,0.842,0.9,9,879,0.924,0.9,10,945,0.994,1.0,10,950,0.999,1.0,10,951,1.0,1.0,10,951,1.0,1.0
123,126,7,958,1,487,0.508,0.143,6,807,0.842,0.857,7,886,0.925,1.0,7,952,0.994,1.0,7,957,0.999,1.0,7,958,1.0,1.0,7,958,1.0,1.0
124,127,11,969,4,491,0.507,0.364,8,815,0.841,0.727,8,894,0.923,0.727,11,963,0.994,1.0,11,968,0.999,1.0,11,969,1.0,1.0,11,969,1.0,1.0
125,128,13,982,6,497,0.506,0.462,12,827,0.842,0.923,13,907,0.924,1.0,13,976,0.994,1.0,13,981,0.999,1.0,13,982,1.0,1.0,13,982,1.0,1.0
126,129,8,990,3,500,0.505,0.375,6,833,0.841,0.75,8,915,0.924,1.0,8,984,0.994,1.0,8,989,0.999,1.0,8,990,1.0,1.0,8,990,1.0,1.0
127,130,14,1004,7,507,0.505,0.5,10,843,0.84,0.714,11,926,0.922,0.786,13,997,0.993,0.929,14,1003,0.999,1.0,14,1004,1.0,1.0,14,1004,1.0,1.0
128,131,8,1012,2,509,0.503,0.25,5,848,0.838,0.625,8,934,0.923,1.0,8,1005,0.993,1.0,8,1011,0.999,1.0,8,1012,1.0,1.0,8,1012,1.0,1.0
129,132,7,1019,2,511,0.501,0.286,5,853,0.837,0.714,6,940,0.922,0.857,6,1011,0.992,0.857,7,1018,0.999,1.0,7,1019,1.0,1.0,7,1019,1.0,1.0
130,133,15,1034,4,515,0.498,0.267,11,864,0.836,0.733,13,953,0.922,0.867,15,1026,0.992,1.0,15,1033,0.999,1.0,15,1034,1.0,1.0,15,1034,1.0,1.0
131,134,4,1038,1,516,0.497,0.25,2,866,0.834,0.5,3,956,0.921,0.75,4,1030,0.992,1.0,4,1037,0.999,1.0,4,1038,1.0,1.0,4,1038,1.0,1.0
132,135,10,1048,4,520,0.496,0.4,7,873,0.833,0.7,8,964,0.92,0.8,9,1039,0.991,0.9,10,1047,0.999,1.0,10,1048,1.0,1.0,10,1048,1.0,1.0
133,136,11,1059,5,525,0.496,0.455,8,881,0.832,0.727,9,973,0.919,0.818,11,1050,0.992,1.0,11,1058,0.999,1.0,11,1059,1.0,1.0,11,1059,1.0,1.0
134,137,9,1068,2,527,0.493,0.222,5,886,0.83,0.556,6,979,0.917,0.667,9,1059,0.992,1.0,9,1067,0.999,1.0,9,1068,1.0,1.0,9,1068,1.0,1.0
135,138,12,1080,3,530,0.491,0.25,7,893,0.827,0.583,9,988,0.915,0.75,12,1071,0.992,1.0,12,1079,0.999,1.0,12,1080,1.0,1.0,12,1080,1.0,1.0
136,139,8,1088,1,531,0.488,0.125,7,900,0.827,0.875,8,996,0.915,1.0,8,1079,0.992,1.0,8,1087,0.999,1.0,8,1088,1.0,1.0,8,1088,1.0,1.0
137,140,4,1092,1,532,0.487,0.25,3,903,0.827,0.75,4,1000,0.916,1.0,4,1083,0.992,1.0,4,1091,0.999,1.0,4,1092,1.0,1.0,4,1092,1.0,1.0
138,141,6,1098,1,533,0.485,0.167,4,907,0.826,0.667,5,1005,0.915,0.833,6,1089,0.992,1.0,6,1097,0.999,1.0,6,1098,1.0,1.0,6,1098,1.0,1.0
139,142,6,1104,1,534,0.484,0.167,4,911,0.825,0.667,6,1011,0.916,1.0,6,1095,0.992,1.0,6,1103,0.999,1.0,6,1104,1.0,1.0,6,1104,1.0,1.0
140,143,12,1116,5,539,0.483,0.417,9,920,0.824,0.75,10,1021,0.915,0.833,11,1106,0.991,0.917,12,1115,0.999,1.0,12,1116,1.0,1.0,12,1116,1.0,1.0
141,144,11,1127,7,546,0.484,0.636,8,928,0.823,0.727,8,1029,0.913,0.727,10,1116,0.99,0.909,11,1126,0.999,1.0,11,1127,1.0,1.0,11,1127,1.0,1.0
142,145,5,1132,0,546,0.482,0.0,3,931,0.822,0.6,4,1033,0.913,0.8,4,1120,0.989,0.8,5,1131,0.999,1.0,5,1132,1.0,1.0,5,1132,1.0,1.0
143,146,6,1138,3,549,0.482,0.5,4,935,0.822,0.667,6,1039,0.913,1.0,6,1126,0.989,1.0,6,1137,0.999,1.0,6,1138,1.0,1.0,6,1138,1.0,1.0
144,147,3,1141,3,552,0.484,1.0,3,938,0.822,1.0,3,1042,0.913,1.0,3,1129,0.989,1.0,3,1140,0.999,1.0,3,1141,1.0,1.0,3,1141,1.0,1.0
145,148,7,1148,1,553,0.482,0.143,6,944,0.822,0.857,6,1048,0.913,0.857,7,1136,0.99,1.0,7,1147,0.999,1.0,7,1148,1.0,1.0,7,1148,1.0,1.0
146,149,5,1153,3,556,0.482,0.6,5,949,0.823,1.0,5,1053,0.913,1.0,5,1141,0.99,1.0,5,1152,0.999,1.0,5,1153,1.0,1.0,5,1153,1.0,1.0
147,150,8,1161,4,560,0.482,0.5,7,956,0.823,0.875,7,1060,0.913,0.875,7,1148,0.989,0.875,8,1160,0.999,1.0,8,1161,1.0,1.0,8,1161,1.0,1.0
148,151,7,1168,2,562,0.481,0.286,5,961,0.823,0.714,6,1066,0.913,0.857,7,1155,0.989,1.0,7,1167,0.999,1.0,7,1168,1.0,1.0,7,1168,1.0,1.0
149,152,5,1173,1,563,0.48,0.2,4,965,0.823,0.8,4,1070,0.912,0.8,5,1160,0.989,1.0,5,1172,0.999,1.0,5,1173,1.0,1.0,5,1173,1.0,1.0
150,153,8,1181,1,564,0.478,0.125,6,971,0.822,0.75,7,1077,0.912,0.875,8,1168,0.989,1.0,8,1180,0.999,1.0,8,1181,1.0,1.0,8,1181,1.0,1.0
151,154,6,1187,1,565,0.476,0.167,4,975,0.821,0.667,5,1082,0.912,0.833,6,1174,0.989,1.0,6,1186,0.999,1.0,6,1187,1.0,1.0,6,1187,1.0,1.0
152,155,4,1191,2,567,0.476,0.5,4,979,0.822,1.0,4,1086,0.912,1.0,4,1178,0.989,1.0,4,1190,0.999,1.0,4,1191,1.0,1.0,4,1191,1.0,1.0
153,156,4,1195,0,567,0.474,0.0,3,982,0.822,0.75,4,1090,0.912,1.0,4,1182,0.989,1.0,4,1194,0.999,1.0,4,1195,1.0,1.0,4,1195,1.0,1.0
154,157,3,1198,0,567,0.473,0.0,1,983,0.821,0.333,2,1092,0.912,0.667,2,1184,0.988,0.667,3,1197,0.999,1.0,3,1198,1.0,1.0,3,1198,1.0,1.0
155,158,5,1203,2,569,0.473,0.4,5,988,0.821,1.0,5,1097,0.912,1.0,5,1189,0.988,1.0,5,1202,0.999,1.0,5,1203,1.0,1.0,5,1203,1.0,1.0
156,159,4,1207,1,570,0.472,0.25,4,992,0.822,1.0,4,1101,0.912,1.0,4,1193,0.988,1.0,4,1206,0.999,1.0,4,1207,1.0,1.0,4,1207,1.0,1.0
157,160,6,1213,2,572,0.472,0.333,4,996,0.821,0.667,5,1106,0.912,0.833,6,1199,0.988,1.0,6,1212,0.999,1.0,6,1213,1.0,1.0,6,1213,1.0,1.0
158,161,3,1216,1,573,0.471,0.333,3,999,0.822,1.0,3,1109,0.912,1.0,3,1202,0.988,1.0,3,1215,0.999,1.0,3,1216,1.0,1.0,3,1216,1.0,1.0
159,162,4,1220,1,574,0.47,0.25,2,1001,0.82,0.5,2,1111,0.911,0.5,3,1205,0.988,0.75,4,1219,0.999,1.0,4,1220,1.0,1.0,4,1220,1.0,1.0
160,163,11,1231,5,579,0.47,0.455,8,1009,0.82,0.727,9,1120,0.91,0.818,10,1215,0.987,0.909,11,1230,0.999,1.0,11,1231,1.0,1.0,11,1231,1.0,1.0
161,164,5,1236,0,579,0.468,0.0,4,1013,0.82,0.8,5,1125,0.91,1.0,5,1220,0.987,1.0,5,1235,0.999,1.0,5,1236,1.0,1.0,5,1236,1.0,1.0
162,165,7,1243,3,582,0.468,0.429,4,1017,0.818,0.571,6,1131,0.91,0.857,7,1227,0.987,1.0,7,1242,0.999,1.0,7,1243,1.0,1.0,7,1243,1.0,1.0
163,166,5,1248,1,583,0.467,0.2,5,1022,0.819,1.0,5,1136,0.91,1.0,5,1232,0.987,1.0,5,1247,0.999,1.0,5,1248,1.0,1.0,5,1248,1.0,1.0
164,167,7,1255,0,583,0.465,0.0,5,1027,0.818,0.714,5,1141,0.909,0.714,7,1239,0.987,1.0,7,1254,0.999,1.0,7,1255,1.0,1.0,7,1255,1.0,1.0
165,168,5,1260,2,585,0.464,0.4,4,1031,0.818,0.8,4,1145,0.909,0.8,4,1243,0.987,0.8,5,1259,0.999,1.0,5,1260,1.0,1.0,5,1260,1.0,1.0
166,169,5,1265,1,586,0.463,0.2,3,1034,0.817,0.6,3,1148,0.908,0.6,5,1248,0.987,1.0,5,1264,0.999,1.0,5,1265,1.0,1.0,5,1265,1.0,1.0
167,170,7,1272,3,589,0.463,0.429,6,1040,0.818,0.857,6,1154,0.907,0.857,7,1255,0.987,1.0,7,1271,0.999,1.0,7,1272,1.0,1.0,7,1272,1.0,1.0
168,171,10,1282,5,594,0.463,0.5,9,1049,0.818,0.9,10,1164,0.908,1.0,10,1265,0.987,1.0,10,1281,0.999,1.0,10,1282,1.0,1.0,10,1282,1.0,1.0
169,172,6,1288,3,597,0.464,0.5,5,1054,0.818,0.833,6,1170,0.908,1.0,6,1271,0.987,1.0,6,1287,0.999,1.0,6,1288,1.0,1.0,6,1288,1.0,1.0
170,173,5,1293,1,598,0.462,0.2,3,1057,0.817,0.6,3,1173,0.907,0.6,5,1276,0.987,1.0,5,1292,0.999,1.0,5,1293,1.0,1.0,5,1293,1.0,1.0
171,174,6,1299,3,601,0.463,0.5,6,1063,0.818,1.0,6,1179,0.908,1.0,6,1282,0.987,1.0,6,1298,0.999,1.0,6,1299,1.0,1.0,6,1299,1.0,1.0
172,175,7,1306,3,604,0.462,0.429,6,1069,0.819,0.857,7,1186,0.908,1.0,7,1289,0.987,1.0,7,1305,0.999,1.0,7,1306,1.0,1.0,7,1306,1.0,1.0
173,176,4,1310,3,607,0.463,0.75,4,1073,0.819,1.0,4,1190,0.908,1.0,4,1293,0.987,1.0,4,1309,0.999,1.0,4,1310,1.0,1.0,4,1310,1.0,1.0
174,177,6,1316,3,610,0.464,0.5,4,1077,0.818,0.667,6,1196,0.909,1.0,6,1299,0.987,1.0,6,1315,0.999,1.0,6,1316,1.0,1.0,6,1316,1.0,1.0
175,178,8,1324,2,612,0.462,0.25,6,1083,0.818,0.75,7,1203,0.909,0.875,8,1307,0.987,1.0,8,1323,0.999,1.0,8,1324,1.0,1.0,8,1324,1.0,1.0
176,179,11,1335,4,616,0.461,0.364,9,1092,0.818,0.818,11,1214,0.909,1.0,11,1318,0.987,1.0,11,1334,0.999,1.0,11,1335,1.0,1.0,11,1335,1.0,1.0
177,180,3,1338,0,616,0.46,0.0,2,1094,0.818,0.667,3,1217,0.91,1.0,3,1321,0.987,1.0,3,1337,0.999,1.0,3,1338,1.0,1.0,3,1338,1.0,1.0
178,181,3,1341,0,616,0.459,0.0,3,1097,0.818,1.0,3,1220,0.91,1.0,3,1324,0.987,1.0,3,1340,0.999,1.0,3,1341,1.0,1.0,3,1341,1.0,1.0
179,182,5,1346,4,620,0.461,0.8,5,1102,0.819,1.0,5,1225,0.91,1.0,5,1329,0.987,1.0,5,1345,0.999,1.0,5,1346,1.0,1.0,5,1346,1.0,1.0
180,183,5,1351,1,621,0.46,0.2,4,1106,0.819,0.8,4,1229,0.91,0.8,5,1334,0.987,1.0,5,1350,0.999,1.0,5,1351,1.0,1.0,5,1351,1.0,1.0
181,184,2,1353,1,622,0.46,0.5,2,1108,0.819,1.0,2,1231,0.91,1.0,2,1336,0.987,1.0,2,1352,0.999,1.0,2,1353,1.0,1.0,2,1353,1.0,1.0
182,185,5,1358,1,623,0.459,0.2,4,1112,0.819,0.8,4,1235,0.909,0.8,5,1341,0.987,1.0,5,1357,0.999,1.0,5,1358,1.0,1.0,5,1358,1.0,1.0
183,186,5,1363,1,624,0.458,0.2,4,1116,0.819,0.8,5,1240,0.91,1.0,5,1346,0.988,1.0,5,1362,0.999,1.0,5,1363,1.0,1.0,5,1363,1.0,1.0
184,187,5,1368,2,626,0.458,0.4,4,1120,0.819,0.8,5,1245,0.91,1.0,5,1351,0.988,1.0,5,1367,0.999,1.0,5,1368,1.0,1.0,5,1368,1.0,1.0
185,188,4,1372,2,628,0.458,0.5,4,1124,0.819,1.0,4,1249,0.91,1.0,4,1355,0.988,1.0,4,1371,0.999,1.0,4,1372,1.0,1.0,4,1372,1.0,1.0
186,189,3,1375,2,630,0.458,0.667,3,1127,0.82,1.0,3,1252,0.911,1.0,3,1358,0.988,1.0,3,1374,0.999,1.0,3,1375,1.0,1.0,3,1375,1.0,1.0
187,190,5,1380,5,635,0.46,1.0,5,1132,0.82,1.0,5,1257,0.911,1.0,5,1363,0.988,1.0,5,1379,0.999,1.0,5,1380,1.0,1.0,5,1380,1.0,1.0
188,191,6,1386,1,636,0.459,0.167,6,1138,0.821,1.0,6,1263,0.911,1.0,6,1369,0.988,1.0,6,1385,0.999,1.0,6,1386,1.0,1.0,6,1386,1.0,1.0
189,192,6,1392,3,639,0.459,0.5,4,1142,0.82,0.667,5,1268,0.911,0.833,6,1375,0.988,1.0,6,1391,0.999,1.0,6,1392,1.0,1.0,6,1392,1.0,1.0
190,193,5,1397,2,641,0.459,0.4,5,1147,0.821,1.0,5,1273,0.911,1.0,5,1380,0.988,1.0,5,1396,0.999,1.0,5,1397,1.0,1.0,5,1397,1.0,1.0
191,194,3,1400,2,643,0.459,0.667,3,1150,0.821,1.0,3,1276,0.911,1.0,3,1383,0.988,1.0,3,1399,0.999,1.0,3,1400,1.0,1.0,3,1400,1.0,1.0
192,195,2,1402,1,644,0.459,0.5,2,1152,0.822,1.0,2,1278,0.912,1.0,2,1385,0.988,1.0,2,1401,0.999,1.0,2,1402,1.0,1.0,2,1402,1.0,1.0
193,196,7,1409,0,644,0.457,0.0,2,1154,0.819,0.286,5,1283,0.911,0.714,7,1392,0.988,1.0,7,1408,0.999,1.0,7,1409,1.0,1.0,7,1409,1.0,1.0
194,197,5,1414,2,646,0.457,0.4,4,1158,0.819,0.8,5,1288,0.911,1.0,5,1397,0.988,1.0,5,1413,0.999,1.0,5,1414,1.0,1.0,5,1414,1.0,1.0
195,198,3,1417,1,647,0.457,0.333,2,1160,0.819,0.667,3,1291,0.911,1.0,3,1400,0.988,1.0,3,1416,0.999,1.0,3,1417,1.0,1.0,3,1417,1.0,1.0
196,199,4,1421,1,648,0.456,0.25,2,1162,0.818,0.5,3,1294,0.911,0.75,4,1404,0.988,1.0,4,1420,0.999,1.0,4,1421,1.0,1.0,4,1421,1.0,1.0
197,200,6,1427,3,651,0.456,0.5,5,1167,0.818,0.833,5,1299,0.91,0.833,6,1410,0.988,1.0,6,1426,0.999,1.0,6,1427,1.0,1.0,6,1427,1.0,1.0
198,201,3,1430,0,651,0.455,0.0,2,1169,0.817,0.667,3,1302,0.91,1.0,3,1413,0.988,1.0,3,1429,0.999,1.0,3,1430,1.0,1.0,3,1430,1.0,1.0
199,202,5,1435,4,655,0.456,0.8,5,1174,0.818,1.0,5,1307,0.911,1.0,5,1418,0.988,1.0,5,1434,0.999,1.0,5,1435,1.0,1.0,5,1435,1.0,1.0
200,203,6,1441,2,657,0.456,0.333,5,1179,0.818,0.833,6,1313,0.911,1.0,6,1424,0.988,1.0,6,1440,0.999,1.0,6,1441,1.0,1.0,6,1441,1.0,1.0
201,204,3,1444,1,658,0.456,0.333,2,1181,0.818,0.667,3,1316,0.911,1.0,3,1427,0.988,1.0,3,1443,0.999,1.0,3,1444,1.0,1.0,3,1444,1.0,1.0
202,205,7,1451,2,660,0.455,0.286,6,1187,0.818,0.857,6,1322,0.911,0.857,7,1434,0.988,1.0,7,1450,0.999,1.0,7,1451,1.0,1.0,7,1451,1.0,1.0
203,206,4,1455,2,662,0.455,0.5,3,1190,0.818,0.75,3,1325,0.911,0.75,4,1438,0.988,1.0,4,1454,0.999,1.0,4,1455,1.0,1.0,4,1455,1.0,1.0
204,207,3,1458,1,663,0.455,0.333,3,1193,0.818,1.0,3,1328,0.911,1.0,3,1441,0.988,1.0,3,1457,0.999,1.0,3,1458,1.0,1.0,3,1458,1.0,1.0
205,208,6,1464,1,664,0.454,0.167,3,1196,0.817,0.5,5,1333,0.911,0.833,6,1447,0.988,1.0,6,1463,0.999,1.0,6,1464,1.0,1.0,6,1464,1.0,1.0
206,209,1,1465,1,665,0.454,1.0,1,1197,0.817,1.0,1,1334,0.911,1.0,1,1448,0.988,1.0,1,1464,0.999,1.0,1,1465,1.0,1.0,1,1465,1.0,1.0
207,210,3,1468,1,666,0.454,0.333,1,1198,0.816,0.333,2,1336,0.91,0.667,3,1451,0.988,1.0,3,1467,0.999,1.0,3,1468,1.0,1.0,3,1468,1.0,1.0
208,211,3,1471,3,669,0.455,1.0,3,1201,0.816,1.0,3,1339,0.91,1.0,3,1454,0.988,1.0,3,1470,0.999,1.0,3,1471,1.0,1.0,3,1471,1.0,1.0
209,212,3,1474,1,670,0.455,0.333,2,1203,0.816,0.667,3,1342,0.91,1.0,3,1457,0.988,1.0,3,1473,0.999,1.0,3,1474,1.0,1.0,3,1474,1.0,1.0
210,213,4,1478,1,671,0.454,0.25,3,1206,0.816,0.75,4,1346,0.911,1.0,4,1461,0.988,1.0,4,1477,0.999,1.0,4,1478,1.0,1.0,4,1478,1.0,1.0
211,214,1,1479,1,672,0.454,1.0,1,1207,0.816,1.0,1,1347,0.911,1.0,1,1462,0.989,1.0,1,1478,0.999,1.0,1,1479,1.0,1.0,1,1479,1.0,1.0
212,215,1,1480,1,673,0.455,1.0,1,1208,0.816,1.0,1,1348,0.911,1.0,1,1463,0.989,1.0,1,1479,0.999,1.0,1,1480,1.0,1.0,1,1480,1.0,1.0
213,216,5,1485,3,676,0.455,0.6,5,1213,0.817,1.0,5,1353,0.911,1.0,5,1468,0.989,1.0,5,1484,0.999,1.0,5,1485,1.0,1.0,5,1485,1.0,1.0
214,217,6,1491,3,679,0.455,0.5,6,1219,0.818,1.0,6,1359,0.911,1.0,6,1474,0.989,1.0,6,1490,0.999,1.0,6,1491,1.0,1.0,6,1491,1.0,1.0
215,218,3,1494,0,679,0.454,0.0,3,1222,0.818,1.0,3,1362,0.912,1.0,3,1477,0.989,1.0,3,1493,0.999,1.0,3,1494,1.0,1.0,3,1494,1.0,1.0
216,219,3,1497,0,679,0.454,0.0,1,1223,0.817,0.333,3,1365,0.912,1.0,3,1480,0.989,1.0,3,1496,0.999,1.0,3,1497,1.0,1.0,3,1497,1.0,1.0
217,221,3,1500,0,679,0.453,0.0,2,1225,0.817,0.667,3,1368,0.912,1.0,3,1483,0.989,1.0,3,1499,0.999,1.0,3,1500,1.0,1.0,3,1500,1.0,1.0
218,222,5,1505,2,681,0.452,0.4,4,1229,0.817,0.8,5,1373,0.912,1.0,5,1488,0.989,1.0,5,1504,0.999,1.0,5,1505,1.0,1.0,5,1505,1.0,1.0
219,223,5,1510,2,683,0.452,0.4,3,1232,0.816,0.6,3,1376,0.911,0.6,5,1493,0.989,1.0,5,1509,0.999,1.0,5,1510,1.0,1.0,5,1510,1.0,1.0
220,224,2,1512,0,683,0.452,0.0,2,1234,0.816,1.0,2,1378,0.911,1.0,2,1495,0.989,1.0,2,1511,0.999,1.0,2,1512,1.0,1.0,2,1512,1.0,1.0
221,225,3,1515,1,684,0.451,0.333,3,1237,0.817,1.0,3,1381,0.912,1.0,3,1498,0.989,1.0,3,1514,0.999,1.0,3,1515,1.0,1.0,3,1515,1.0,1.0
222,226,2,1517,1,685,0.452,0.5,2,1239,0.817,1.0,2,1383,0.912,1.0,2,1500,0.989,1.0,2,1516,0.999,1.0,2,1517,1.0,1.0,2,1517,1.0,1.0
223,227,3,1520,2,687,0.452,0.667,3,1242,0.817,1.0,3,1386,0.912,1.0,3,1503,0.989,1.0,3,1519,0.999,1.0,3,1520,1.0,1.0,3,1520,1.0,1.0
224,228,4,1524,1,688,0.451,0.25,3,1245,0.817,0.75,4,1390,0.912,1.0,4,1507,0.989,1.0,4,1523,0.999,1.0,4,1524,1.0,1.0,4,1524,1.0,1.0
225,229,2,1526,1,689,0.452,0.5,2,1247,0.817,1.0,2,1392,0.912,1.0,2,1509,0.989,1.0,2,1525,0.999,1.0,2,1526,1.0,1.0,2,1526,1.0,1.0
226,230,2,1528,0,689,0.451,0.0,2,1249,0.817,1.0,2,1394,0.912,1.0,2,1511,0.989,1.0,2,1527,0.999,1.0,2,1528,1.0,1.0,2,1528,1.0,1.0
227,231,2,1530,2,691,0.452,1.0,2,1251,0.818,1.0,2,1396,0.912,1.0,2,1513,0.989,1.0,2,1529,0.999,1.0,2,1530,1.0,1.0,2,1530,1.0,1.0
228,233,1,1531,1,692,0.452,1.0,1,1252,0.818,1.0,1,1397,0.912,1.0,1,1514,0.989,1.0,1,1530,0.999,1.0,1,1531,1.0,1.0,1,1531,1.0,1.0
229,234,3,1534,1,693,0.452,0.333,3,1255,0.818,1.0,3,1400,0.913,1.0,3,1517,0.989,1.0,3,1533,0.999,1.0,3,1534,1.0,1.0,3,1534,1.0,1.0
230,235,3,1537,1,694,0.452,0.333,2,1257,0.818,0.667,3,1403,0.913,1.0,3,1520,0.989,1.0,3,1536,0.999,1.0,3,1537,1.0,1.0,3,1537,1.0,1.0
231,236,3,1540,2,696,0.452,0.667,3,1260,0.818,1.0,3,1406,0.913,1.0,3,1523,0.989,1.0,3,1539,0.999,1.0,3,1540,1.0,1.0,3,1540,1.0,1.0
232,237,3,1543,0,696,0.451,0.0,2,1262,0.818,0.667,2,1408,0.913,0.667,3,1526,0.989,1.0,3,1542,0.999,1.0,3,1543,1.0,1.0,3,1543,1.0,1.0
233,238,3,1546,0,696,0.45,0.0,3,1265,0.818,1.0,3,1411,0.913,1.0,3,1529,0.989,1.0,3,1545,0.999,1.0,3,1546,1.0,1.0,3,1546,1.0,1.0
234,239,2,1548,1,697,0.45,0.5,2,1267,0.818,1.0,2,1413,0.913,1.0,2,1531,0.989,1.0,2,1547,0.999,1.0,2,1548,1.0,1.0,2,1548,1.0,1.0
235,240,2,1550,1,698,0.45,0.5,2,1269,0.819,1.0,2,1415,0.913,1.0,2,1533,0.989,1.0,2,1549,0.999,1.0,2,1550,1.0,1.0,2,1550,1.0,1.0
236,241,4,1554,1,699,0.45,0.25,3,1272,0.819,0.75,4,1419,0.913,1.0,4,1537,0.989,1.0,4,1553,0.999,1.0,4,1554,1.0,1.0,4,1554,1.0,1.0
237,242,2,1556,0,699,0.449,0.0,2,1274,0.819,1.0,2,1421,0.913,1.0,2,1539,0.989,1.0,2,1555,0.999,1.0,2,1556,1.0,1.0,2,1556,1.0,1.0
238,243,5,1561,2,701,0.449,0.4,4,1278,0.819,0.8,4,1425,0.913,0.8,5,1544,0.989,1.0,5,1560,0.999,1.0,5,1561,1.0,1.0,5,1561,1.0,1.0
239,245,3,1564,1,702,0.449,0.333,3,1281,0.819,1.0,3,1428,0.913,1.0,3,1547,0.989,1.0,3,1563,0.999,1.0,3,1564,1.0,1.0,3,1564,1.0,1.0
240,246,4,1568,2,704,0.449,0.5,3,1284,0.819,0.75,3,1431,0.913,0.75,4,1551,0.989,1.0,4,1567,0.999,1.0,4,1568,1.0,1.0,4,1568,1.0,1.0
241,247,3,1571,1,705,0.449,0.333,2,1286,0.819,0.667,2,1433,0.912,0.667,3,1554,0.989,1.0,3,1570,0.999,1.0,3,1571,1.0,1.0,3,1571,1.0,1.0
242,248,2,1573,2,707,0.449,1.0,2,1288,0.819,1.0,2,1435,0.912,1.0,2,1556,0.989,1.0,2,1572,0.999,1.0,2,1573,1.0,1.0,2,1573,1.0,1.0
243,249,2,1575,1,708,0.45,0.5,2,1290,0.819,1.0,2,1437,0.912,1.0,2,1558,0.989,1.0,2,1574,0.999,1.0,2,1575,1.0,1.0,2,1575,1.0,1.0
244,250,2,1577,0,708,0.449,0.0,2,1292,0.819,1.0,2,1439,0.912,1.0,2,1560,0.989,1.0,2,1576,0.999,1.0,2,1577,1.0,1.0,2,1577,1.0,1.0
245,251,2,1579,0,708,0.448,0.0,1,1293,0.819,0.5,2,1441,0.913,1.0,2,1562,0.989,1.0,2,1578,0.999,1.0,2,1579,1.0,1.0,2,1579,1.0,1.0
246,252,5,1584,0,708,0.447,0.0,5,1298,0.819,1.0,5,1446,0.913,1.0,5,1567,0.989,1.0,5,1583,0.999,1.0,5,1584,1.0,1.0,5,1584,1.0,1.0
247,253,1,1585,1,709,0.447,1.0,1,1299,0.82,1.0,1,1447,0.913,1.0,1,1568,0.989,1.0,1,1584,0.999,1.0,1,1585,1.0,1.0,1,1585,1.0,1.0
248,254,2,1587,1,710,0.447,0.5,2,1301,0.82,1.0,2,1449,0.913,1.0,2,1570,0.989,1.0,2,1586,0.999,1.0,2,1587,1.0,1.0,2,1587,1.0,1.0
249,255,4,1591,0,710,0.446,0.0,3,1304,0.82,0.75,4,1453,0.913,1.0,4,1574,0.989,1.0,4,1590,0.999,1.0,4,1591,1.0,1.0,4,1591,1.0,1.0
250,256,1,1592,1,711,0.447,1.0,1,1305,0.82,1.0,1,1454,0.913,1.0,1,1575,0.989,1.0,1,1591,0.999,1.0,1,1592,1.0,1.0,1,1592,1.0,1.0
251,257,4,1596,0,711,0.445,0.0,2,1307,0.819,0.5,3,1457,0.913,0.75,3,1578,0.989,0.75,3,1594,0.999,0.75,3,1595,0.999,0.75,3,1595,0.999,0.75
252,258,3,1599,2,713,0.446,0.667,3,1310,0.819,1.0,3,1460,0.913,1.0,3,1581,0.989,1.0,3,1597,0.999,1.0,3,1598,0.999,1.0,3,1598,0.999,1.0
253,259,5,1604,1,714,0.445,0.2,4,1314,0.819,0.8,5,1465,0.913,1.0,5,1586,0.989,1.0,5,1602,0.999,1.0,5,1603,0.999,1.0,5,1603,0.999,1.0
254,260,2,1606,1,715,0.445,0.5,2,1316,0.819,1.0,2,1467,0.913,1.0,2,1588,0.989,1.0,2,1604,0.999,1.0,2,1605,0.999,1.0,2,1605,0.999,1.0
255,261,2,1608,1,716,0.445,0.5,2,1318,0.82,1.0,2,1469,0.914,1.0,2,1590,0.989,1.0,2,1606,0.999,1.0,2,1607,0.999,1.0,2,1607,0.999,1.0
256,262,2,1610,0,716,0.445,0.0,2,1320,0.82,1.0,2,1471,0.914,1.0,2,1592,0.989,1.0,2,1608,0.999,1.0,2,1609,0.999,1.0,2,1609,0.999,1.0
257,263,1,1611,0,716,0.444,0.0,1,1321,0.82,1.0,1,1472,0.914,1.0,1,1593,0.989,1.0,1,1609,0.999,1.0,1,1610,0.999,1.0,1,1610,0.999,1.0
258,264,2,1613,1,717,0.445,0.5,1,1322,0.82,0.5,1,1473,0.913,0.5,2,1595,0.989,1.0,2,1611,0.999,1.0,2,1612,0.999,1.0,2,1612,0.999,1.0
259,265,3,1616,1,718,0.444,0.333,2,1324,0.819,0.667,2,1475,0.913,0.667,3,1598,0.989,1.0,3,1614,0.999,1.0,3,1615,0.999,1.0,3,1615,0.999,1.0
260,266,3,1619,1,719,0.444,0.333,1,1325,0.818,0.333,1,1476,0.912,0.333,2,1600,0.988,0.667,3,1617,0.999,1.0,3,1618,0.999,1.0,3,1618,0.999,1.0
261,267,4,1623,1,720,0.444,0.25,3,1328,0.818,0.75,3,1479,0.911,0.75,3,1603,0.988,0.75,4,1621,0.999,1.0,4,1622,0.999,1.0,4,1622,0.999,1.0
262,268,2,1625,0,720,0.443,0.0,1,1329,0.818,0.5,2,1481,0.911,1.0,2,1605,0.988,1.0,2,1623,0.999,1.0,2,1624,0.999,1.0,2,1624,0.999,1.0
263,269,1,1626,0,720,0.443,0.0,0,1329,0.817,0.0,1,1482,0.911,1.0,1,1606,0.988,1.0,1,1624,0.999,1.0,1,1625,0.999,1.0,1,1625,0.999,1.0
264,270,6,1632,3,723,0.443,0.5,6,1335,0.818,1.0,6,1488,0.912,1.0,6,1612,0.988,1.0,6,1630,0.999,1.0,6,1631,0.999,1.0,6,1631,0.999,1.0
265,271,2,1634,0,723,0.442,0.0,1,1336,0.818,0.5,1,1489,0.911,0.5,2,1614,0.988,1.0,2,1632,0.999,1.0,2,1633,0.999,1.0,2,1633,0.999,1.0
266,273,3,1637,2,725,0.443,0.667,3,1339,0.818,1.0,3,1492,0.911,1.0,3,1617,0.988,1.0,3,1635,0.999,1.0,3,1636,0.999,1.0,3,1636,0.999,1.0
267,274,1,1638,0,725,0.443,0.0,1,1340,0.818,1.0,1,1493,0.911,1.0,1,1618,0.988,1.0,1,1636,0.999,1.0,1,1637,0.999,1.0,1,1637,0.999,1.0
268,275,1,1639,1,726,0.443,1.0,1,1341,0.818,1.0,1,1494,0.912,1.0,1,1619,0.988,1.0,1,1637,0.999,1.0,1,1638,0.999,1.0,1,1638,0.999,1.0
269,276,2,1641,0,726,0.442,0.0,1,1342,0.818,0.5,1,1495,0.911,0.5,2,1621,0.988,1.0,2,1639,0.999,1.0,2,1640,0.999,1.0,2,1640,0.999,1.0
270,277,4,1645,1,727,0.442,0.25,3,1345,0.818,0.75,4,1499,0.911,1.0,4,1625,0.988,1.0,4,1643,0.999,1.0,4,1644,0.999,1.0,4,1644,0.999,1.0
271,278,2,1647,0,727,0.441,0.0,0,1345,0.817,0.0,1,1500,0.911,0.5,2,1627,0.988,1.0,2,1645,0.999,1.0,2,1646,0.999,1.0,2,1646,0.999,1.0
272,280,3,1650,0,727,0.441,0.0,2,1347,0.816,0.667,2,1502,0.91,0.667,3,1630,0.988,1.0,3,1648,0.999,1.0,3,1649,0.999,1.0,3,1649,0.999,1.0
273,281,2,1652,2,729,0.441,1.0,2,1349,0.817,1.0,2,1504,0.91,1.0,2,1632,0.988,1.0,2,1650,0.999,1.0,2,1651,0.999,1.0,2,1651,0.999,1.0
274,282,1,1653,1,730,0.442,1.0,1,1350,0.817,1.0,1,1505,0.91,1.0,1,1633,0.988,1.0,1,1651,0.999,1.0,1,1652,0.999,1.0,1,1652,0.999,1.0
275,283,1,1654,0,730,0.441,0.0,0,1350,0.816,0.0,1,1506,0.911,1.0,1,1634,0.988,1.0,1,1652,0.999,1.0,1,1653,0.999,1.0,1,1653,0.999,1.0
276,284,2,1656,0,730,0.441,0.0,2,1352,0.816,1.0,2,1508,0.911,1.0,2,1636,0.988,1.0,2,1654,0.999,1.0,2,1655,0.999,1.0,2,1655,0.999,1.0
277,285,1,1657,0,730,0.441,0.0,1,1353,0.817,1.0,1,1509,0.911,1.0,1,1637,0.988,1.0,1,1655,0.999,1.0,1,1656,0.999,1.0,1,1656,0.999,1.0
278,286,1,1658,1,731,0.441,1.0,1,1354,0.817,1.0,1,1510,0.911,1.0,1,1638,0.988,1.0,1,1656,0.999,1.0,1,1657,0.999,1.0,1,1657,0.999,1.0
279,287,4,1662,3,734,0.442,0.75,3,1357,0.816,0.75,4,1514,0.911,1.0,4,1642,0.988,1.0,4,1660,0.999,1.0,4,1661,0.999,1.0,4,1661,0.999,1.0
280,288,1,1663,1,735,0.442,1.0,1,1358,0.817,1.0,1,1515,0.911,1.0,1,1643,0.988,1.0,1,1661,0.999,1.0,1,1662,0.999,1.0,1,1662,0.999,1.0
281,289,1,1664,0,735,0.442,0.0,1,1359,0.817,1.0,1,1516,0.911,1.0,1,1644,0.988,1.0,1,1662,0.999,1.0,1,1663,0.999,1.0,1,1663,0.999,1.0
282,290,1,1665,0,735,0.441,0.0,0,1359,0.816,0.0,1,1517,0.911,1.0,1,1645,0.988,1.0,1,1663,0.999,1.0,1,1664,0.999,1.0,1,1664,0.999,1.0
283,291,1,1666,0,735,0.441,0.0,0,1359,0.816,0.0,0,1517,0.911,0.0,1,1646,0.988,1.0,1,1664,0.999,1.0,1,1665,0.999,1.0,1,1665,0.999,1.0
284,292,1,1667,0,735,0.441,0.0,1,1360,0.816,1.0,1,1518,0.911,1.0,1,1647,0.988,1.0,1,1665,0.999,1.0,1,1666,0.999,1.0,1,1666,0.999,1.0
285,293,3,1670,1,736,0.441,0.333,1,1361,0.815,0.333,1,1519,0.91,0.333,3,1650,0.988,1.0,3,1668,0.999,1.0,3,1669,0.999,1.0,3,1669,0.999,1.0
286,294,2,1672,1,737,0.441,0.5,1,1362,0.815,0.5,2,1521,0.91,1.0,2,1652,0.988,1.0,2,1670,0.999,1.0,2,1671,0.999,1.0,2,1671,0.999,1.0
287,295,2,1674,1,738,0.441,0.5,2,1364,0.815,1.0,2,1523,0.91,1.0,2,1654,0.988,1.0,2,1672,0.999,1.0,2,1673,0.999,1.0,2,1673,0.999,1.0
288,297,2,1676,0,738,0.44,0.0,2,1366,0.815,1.0,2,1525,0.91,1.0,2,1656,0.988,1.0,2,1674,0.999,1.0,2,1675,0.999,1.0,2,1675,0.999,1.0
289,298,2,1678,1,739,0.44,0.5,2,1368,0.815,1.0,2,1527,0.91,1.0,2,1658,0.988,1.0,2,1676,0.999,1.0,2,1677,0.999,1.0,2,1677,0.999,1.0
290,300,2,1680,1,740,0.44,0.5,2,1370,0.815,1.0,2,1529,0.91,1.0,2,1660,0.988,1.0,2,1678,0.999,1.0,2,1679,0.999,1.0,2,1679,0.999,1.0
291,301,5,1685,2,742,0.44,0.4,5,1375,0.816,1.0,5,1534,0.91,1.0,5,1665,0.988,1.0,5,1683,0.999,1.0,5,1684,0.999,1.0,5,1684,0.999,1.0
292,302,4,1689,2,744,0.44,0.5,3,1378,0.816,0.75,4,1538,0.911,1.0,4,1669,0.988,1.0,4,1687,0.999,1.0,4,1688,0.999,1.0,4,1688,0.999,1.0
293,303,1,1690,1,745,0.441,1.0,1,1379,0.816,1.0,1,1539,0.911,1.0,1,1670,0.988,1.0,1,1688,0.999,1.0,1,1689,0.999,1.0,1,1689,0.999,1.0
294,304,3,1693,0,745,0.44,0.0,2,1381,0.816,0.667,2,1541,0.91,0.667,3,1673,0.988,1.0,3,1691,0.999,1.0,3,1692,0.999,1.0,3,1692,0.999,1.0
295,305,1,1694,0,745,0.44,0.0,1,1382,0.816,1.0,1,1542,0.91,1.0,1,1674,0.988,1.0,1,1692,0.999,1.0,1,1693,0.999,1.0,1,1693,0.999,1.0
296,306,3,1697,1,746,0.44,0.333,2,1384,0.816,0.667,3,1545,0.91,1.0,3,1677,0.988,1.0,3,1695,0.999,1.0,3,1696,0.999,1.0,3,1696,0.999,1.0
297,307,4,1701,0,746,0.439,0.0,1,1385,0.814,0.25,4,1549,0.911,1.0,4,1681,0.988,1.0,4,1699,0.999,1.0,4,1700,0.999,1.0,4,1700,0.999,1.0
298,308,2,1703,1,747,0.439,0.5,2,1387,0.814,1.0,2,1551,0.911,1.0,2,1683,0.988,1.0,2,1701,0.999,1.0,2,1702,0.999,1.0,2,1702,0.999,1.0
299,309,4,1707,1,748,0.438,0.25,4,1391,0.815,1.0,4,1555,0.911,1.0,4,1687,0.988,1.0,4,1705,0.999,1.0,4,1706,0.999,1.0,4,1706,0.999,1.0
300,312,1,1708,1,749,0.439,1.0,1,1392,0.815,1.0,1,1556,0.911,1.0,1,1688,0.988,1.0,1,1706,0.999,1.0,1,1707,0.999,1.0,1,1707,0.999,1.0
301,313,2,1710,0,749,0.438,0.0,1,1393,0.815,0.5,2,1558,0.911,1.0,2,1690,0.988,1.0,2,1708,0.999,1.0,2,1709,0.999,1.0,2,1709,0.999,1.0
302,315,3,1713,1,750,0.438,0.333,2,1395,0.814,0.667,3,1561,0.911,1.0,3,1693,0.988,1.0,3,1711,0.999,1.0,3,1712,0.999,1.0,3,1712,0.999,1.0
303,316,1,1714,1,751,0.438,1.0,1,1396,0.814,1.0,1,1562,0.911,1.0,1,1694,0.988,1.0,1,1712,0.999,1.0,1,1713,0.999,1.0,1,1713,0.999,1.0
304,318,3,1717,2,753,0.439,0.667,3,1399,0.815,1.0,3,1565,0.911,1.0,3,1697,0.988,1.0,3,1715,0.999,1.0,3,1716,0.999,1.0,3,1716,0.999,1.0
305,319,2,1719,1,754,0.439,0.5,2,1401,0.815,1.0,2,1567,0.912,1.0,2,1699,0.988,1.0,2,1717,0.999,1.0,2,1718,0.999,1.0,2,1718,0.999,1.0
306,320,1,1720,1,755,0.439,1.0,1,1402,0.815,1.0,1,1568,0.912,1.0,1,1700,0.988,1.0,1,1718,0.999,1.0,1,1719,0.999,1.0,1,1719,0.999,1.0
307,322,1,1721,1,756,0.439,1.0,1,1403,0.815,1.0,1,1569,0.912,1.0,1,1701,0.988,1.0,1,1719,0.999,1.0,1,1720,0.999,1.0,1,1720,0.999,1.0
308,323,3,1724,2,758,0.44,0.667,3,1406,0.816,1.0,3,1572,0.912,1.0,3,1704,0.988,1.0,3,1722,0.999,1.0,3,1723,0.999,1.0,3,1723,0.999,1.0
309,324,1,1725,0,758,0.439,0.0,1,1407,0.816,1.0,1,1573,0.912,1.0,1,1705,0.988,1.0,1,1723,0.999,1.0,1,1724,0.999,1.0,1,1724,0.999,1.0
310,325,1,1726,0,758,0.439,0.0,0,1407,0.815,0.0,1,1574,0.912,1.0,1,1706,0.988,1.0,1,1724,0.999,1.0,1,1725,0.999,1.0,1,1725,0.999,1.0
311,326,1,1727,0,758,0.439,0.0,1,1408,0.815,1.0,1,1575,0.912,1.0,1,1707,0.988,1.0,1,1725,0.999,1.0,1,1726,0.999,1.0,1,1726,0.999,1.0
312,329,7,1734,4,762,0.439,0.571,7,1415,0.816,1.0,7,1582,0.912,1.0,7,1714,0.988,1.0,7,1732,0.999,1.0,7,1733,0.999,1.0,7,1733,0.999,1.0
313,330,1,1735,0,762,0.439,0.0,0,1415,0.816,0.0,0,1582,0.912,0.0,1,1715,0.988,1.0,1,1733,0.999,1.0,1,1734,0.999,1.0,1,1734,0.999,1.0
314,332,5,1740,1,763,0.439,0.2,3,1418,0.815,0.6,4,1586,0.911,0.8,5,1720,0.989,1.0,5,1738,0.999,1.0,5,1739,0.999,1.0,5,1739,0.999,1.0
315,333,1,1741,0,763,0.438,0.0,0,1418,0.814,0.0,0,1586,0.911,0.0,1,1721,0.989,1.0,1,1739,0.999,1.0,1,1740,0.999,1.0,1,1740,0.999,1.0
316,334,2,1743,1,764,0.438,0.5,1,1419,0.814,0.5,2,1588,0.911,1.0,2,1723,0.989,1.0,2,1741,0.999,1.0,2,1742,0.999,1.0,2,1742,0.999,1.0
317,335,1,1744,1,765,0.439,1.0,1,1420,0.814,1.0,1,1589,0.911,1.0,1,1724,0.989,1.0,1,1742,0.999,1.0,1,1743,0.999,1.0,1,1743,0.999,1.0
318,336,2,1746,0,765,0.438,0.0,2,1422,0.814,1.0,2,1591,0.911,1.0,2,1726,0.989,1.0,2,1744,0.999,1.0,2,1745,0.999,1.0,2,1745,0.999,1.0
319,338,1,1747,1,766,0.438,1.0,1,1423,0.815,1.0,1,1592,0.911,1.0,1,1727,0.989,1.0,1,1745,0.999,1.0,1,1746,0.999,1.0,1,1746,0.999,1.0
320,340,1,1748,0,766,0.438,0.0,1,1424,0.815,1.0,1,1593,0.911,1.0,1,1728,0.989,1.0,1,1746,0.999,1.0,1,1747,0.999,1.0,1,1747,0.999,1.0
321,341,1,1749,1,767,0.439,1.0,1,1425,0.815,1.0,1,1594,0.911,1.0,1,1729,0.989,1.0,1,1747,0.999,1.0,1,1748,0.999,1.0,1,1748,0.999,1.0
322,342,1,1750,1,768,0.439,1.0,1,1426,0.815,1.0,1,1595,0.911,1.0,1,1730,0.989,1.0,1,1748,0.999,1.0,1,1749,0.999,1.0,1,1749,0.999,1.0
323,343,2,1752,0,768,0.438,0.0,2,1428,0.815,1.0,2,1597,0.912,1.0,2,1732,0.989,1.0,2,1750,0.999,1.0,2,1751,0.999,1.0,2,1751,0.999,1.0
324,344,3,1755,1,769,0.438,0.333,2,1430,0.815,0.667,2,1599,0.911,0.667,3,1735,0.989,1.0,3,1753,0.999,1.0,3,1754,0.999,1.0,3,1754,0.999,1.0
325,346,1,1756,1,770,0.438,1.0,1,1431,0.815,1.0,1,1600,0.911,1.0,1,1736,0.989,1.0,1,1754,0.999,1.0,1,1755,0.999,1.0,1,1755,0.999,1.0
326,347,4,1760,1,771,0.438,0.25,4,1435,0.815,1.0,4,1604,0.911,1.0,4,1740,0.989,1.0,4,1758,0.999,1.0,4,1759,0.999,1.0,4,1759,0.999,1.0
327,348,1,1761,0,771,0.438,0.0,1,1436,0.815,1.0,1,1605,0.911,1.0,1,1741,0.989,1.0,1,1759,0.999,1.0,1,1760,0.999,1.0,1,1760,0.999,1.0
328,349,2,1763,0,771,0.437,0.0,1,1437,0.815,0.5,2,1607,0.912,1.0,2,1743,0.989,1.0,2,1761,0.999,1.0,2,1762,0.999,1.0,2,1762,0.999,1.0
329,351,1,1764,1,772,0.438,1.0,1,1438,0.815,1.0,1,1608,0.912,1.0,1,1744,0.989,1.0,1,1762,0.999,1.0,1,1763,0.999,1.0,1,1763,0.999,1.0
330,352,1,1765,1,773,0.438,1.0,1,1439,0.815,1.0,1,1609,0.912,1.0,1,1745,0.989,1.0,1,1763,0.999,1.0,1,1764,0.999,1.0,1,1764,0.999,1.0
331,353,2,1767,2,775,0.439,1.0,2,1441,0.816,1.0,2,1611,0.912,1.0,2,1747,0.989,1.0,2,1765,0.999,1.0,2,1766,0.999,1.0,2,1766,0.999,1.0
332,355,1,1768,0,775,0.438,0.0,1,1442,0.816,1.0,1,1612,0.912,1.0,1,1748,0.989,1.0,1,1766,0.999,1.0,1,1767,0.999,1.0,1,1767,0.999,1.0
333,356,1,1769,1,776,0.439,1.0,1,1443,0.816,1.0,1,1613,0.912,1.0,1,1749,0.989,1.0,1,1767,0.999,1.0,1,1768,0.999,1.0,1,1768,0.999,1.0
334,358,1,1770,1,777,0.439,1.0,1,1444,0.816,1.0,1,1614,0.912,1.0,1,1750,0.989,1.0,1,1768,0.999,1.0,1,1769,0.999,1.0,1,1769,0.999,1.0
335,359,1,1771,0,777,0.439,0.0,1,1445,0.816,1.0,1,1615,0.912,1.0,1,1751,0.989,1.0,1,1769,0.999,1.0,1,1770,0.999,1.0,1,1770,0.999,1.0
336,360,2,1773,1,778,0.439,0.5,2,1447,0.816,1.0,2,1617,0.912,1.0,2,1753,0.989,1.0,2,1771,0.999,1.0,2,1772,0.999,1.0,2,1772,0.999,1.0
337,361,1,1774,0,778,0.439,0.0,0,1447,0.816,0.0,1,1618,0.912,1.0,1,1754,0.989,1.0,1,1772,0.999,1.0,1,1773,0.999,1.0,1,1773,0.999,1.0
338,362,3,1777,3,781,0.44,1.0,3,1450,0.816,1.0,3,1621,0.912,1.0,3,1757,0.989,1.0,3,1775,0.999,1.0,3,1776,0.999,1.0,3,1776,0.999,1.0
339,363,1,1778,0,781,0.439,0.0,1,1451,0.816,1.0,1,1622,0.912,1.0,1,1758,0.989,1.0,1,1776,0.999,1.0,1,1777,0.999,1.0,1,1777,0.999,1.0
340,364,1,1779,0,781,0.439,0.0,0,1451,0.816,0.0,1,1623,0.912,1.0,1,1759,0.989,1.0,1,1777,0.999,1.0,1,1778,0.999,1.0,1,1778,0.999,1.0
341,373,1,1780,0,781,0.439,0.0,1,1452,0.816,1.0,1,1624,0.912,1.0,1,1760,0.989,1.0,1,1778,0.999,1.0,1,1779,0.999,1.0,1,1779,0.999,1.0
342,374,1,1781,1,782,0.439,1.0,1,1453,0.816,1.0,1,1625,0.912,1.0,1,1761,0.989,1.0,1,1779,0.999,1.0,1,1780,0.999,1.0,1,1780,0.999,1.0
343,375,3,1784,3,785,0.44,1.0,3,1456,0.816,1.0,3,1628,0.913,1.0,3,1764,0.989,1.0,3,1782,0.999,1.0,3,1783,0.999,1.0,3,1783,0.999,1.0
344,376,1,1785,0,785,0.44,0.0,1,1457,0.816,1.0,1,1629,0.913,1.0,1,1765,0.989,1.0,1,1783,0.999,1.0,1,1784,0.999,1.0,1,1784,0.999,1.0
345,377,1,1786,0,785,0.44,0.0,1,1458,0.816,1.0,1,1630,0.913,1.0,1,1766,0.989,1.0,1,1784,0.999,1.0,1,1785,0.999,1.0,1,1785,0.999,1.0
346,378,1,1787,0,785,0.439,0.0,1,1459,0.816,1.0,1,1631,0.913,1.0,1,1767,0.989,1.0,1,1785,0.999,1.0,1,1786,0.999,1.0,1,1786,0.999,1.0
347,380,2,1789,1,786,0.439,0.5,2,1461,0.817,1.0,2,1633,0.913,1.0,2,1769,0.989,1.0,2,1787,0.999,1.0,2,1788,0.999,1.0,2,1788,0.999,1.0
348,381,1,1790,0,786,0.439,0.0,1,1462,0.817,1.0,1,1634,0.913,1.0,1,1770,0.989,1.0,1,1788,0.999,1.0,1,1789,0.999,1.0,1,1789,0.999,1.0
349,382,2,1792,0,786,0.439,0.0,1,1463,0.816,0.5,1,1635,0.912,0.5,1,1771,0.988,0.5,1,1789,0.998,0.5,2,1791,0.999,1.0,2,1791,0.999,1.0
350,386,1,1793,0,786,0.438,0.0,1,1464,0.817,1.0,1,1636,0.912,1.0,1,1772,0.988,1.0,1,1790,0.998,1.0,1,1792,0.999,1.0,1,1792,0.999,1.0
351,387,1,1794,0,786,0.438,0.0,0,1464,0.816,0.0,1,1637,0.912,1.0,1,1773,0.988,1.0,1,1791,0.998,1.0,1,1793,0.999,1.0,1,1793,0.999,1.0
352,388,1,1795,0,786,0.438,0.0,0,1464,0.816,0.0,1,1638,0.913,1.0,1,1774,0.988,1.0,1,1792,0.998,1.0,1,1794,0.999,1.0,1,1794,0.999,1.0
353,389,1,1796,1,787,0.438,1.0,1,1465,0.816,1.0,1,1639,0.913,1.0,1,1775,0.988,1.0,1,1793,0.998,1.0,1,1795,0.999,1.0,1,1795,0.999,1.0
354,392,2,1798,0,787,0.438,0.0,2,1467,0.816,1.0,2,1641,0.913,1.0,2,1777,0.988,1.0,2,1795,0.998,1.0,2,1797,0.999,1.0,2,1797,0.999,1.0
355,393,2,1800,2,789,0.438,1.0,2,1469,0.816,1.0,2,1643,0.913,1.0,2,1779,0.988,1.0,2,1797,0.998,1.0,2,1799,0.999,1.0,2,1799,0.999,1.0
356,394,3,1803,1,790,0.438,0.333,3,1472,0.816,1.0,3,1646,0.913,1.0,3,1782,0.988,1.0,3,1800,0.998,1.0,3,1802,0.999,1.0,3,1802,0.999,1.0
357,395,1,1804,0,790,0.438,0.0,1,1473,0.817,1.0,1,1647,0.913,1.0,1,1783,0.988,1.0,1,1801,0.998,1.0,1,1803,0.999,1.0,1,1803,0.999,1.0
358,397,2,1806,0,790,0.437,0.0,2,1475,0.817,1.0,2,1649,0.913,1.0,2,1785,0.988,1.0,2,1803,0.998,1.0,2,1805,0.999,1.0,2,1805,0.999,1.0
359,398,1,1807,0,790,0.437,0.0,1,1476,0.817,1.0,1,1650,0.913,1.0,1,1786,0.988,1.0,1,1804,0.998,1.0,1,1806,0.999,1.0,1,1806,0.999,1.0
360,400,3,1810,1,791,0.437,0.333,3,1479,0.817,1.0,3,1653,0.913,1.0,3,1789,0.988,1.0,3,1807,0.998,1.0,3,1809,0.999,1.0,3,1809,0.999,1.0
361,401,1,1811,1,792,0.437,1.0,1,1480,0.817,1.0,1,1654,0.913,1.0,1,1790,0.988,1.0,1,1808,0.998,1.0,1,1810,0.999,1.0,1,1810,0.999,1.0
362,404,2,1813,0,792,0.437,0.0,1,1481,0.817,0.5,2,1656,0.913,1.0,2,1792,0.988,1.0,2,1810,0.998,1.0,2,1812,0.999,1.0,2,1812,0.999,1.0
363,405,1,1814,1,793,0.437,1.0,1,1482,0.817,1.0,1,1657,0.913,1.0,1,1793,0.988,1.0,1,1811,0.998,1.0,1,1813,0.999,1.0,1,1813,0.999,1.0
364,407,1,1815,1,794,0.437,1.0,1,1483,0.817,1.0,1,1658,0.913,1.0,1,1794,0.988,1.0,1,1812,0.998,1.0,1,1814,0.999,1.0,1,1814,0.999,1.0
365,408,1,1816,0,794,0.437,0.0,1,1484,0.817,1.0,1,1659,0.914,1.0,1,1795,0.988,1.0,1,1813,0.998,1.0,1,1815,0.999,1.0,1,1815,0.999,1.0
366,412,1,1817,1,795,0.438,1.0,1,1485,0.817,1.0,1,1660,0.914,1.0,1,1796,0.988,1.0,1,1814,0.998,1.0,1,1816,0.999,1.0,1,1816,0.999,1.0
367,413,2,1819,0,795,0.437,0.0,2,1487,0.817,1.0,2,1662,0.914,1.0,2,1798,0.988,1.0,2,1816,0.998,1.0,2,1818,0.999,1.0,2,1818,0.999,1.0
368,415,1,1820,0,795,0.437,0.0,1,1488,0.818,1.0,1,1663,0.914,1.0,1,1799,0.988,1.0,1,1817,0.998,1.0,1,1819,0.999,1.0,1,1819,0.999,1.0
369,418,2,1822,0,795,0.436,0.0,2,1490,0.818,1.0,2,1665,0.914,1.0,2,1801,0.988,1.0,2,1819,0.998,1.0,2,1821,0.999,1.0,2,1821,0.999,1.0
370,419,3,1825,3,798,0.437,1.0,3,1493,0.818,1.0,3,1668,0.914,1.0,3,1804,0.988,1.0,3,1822,0.998,1.0,3,1824,0.999,1.0,3,1824,0.999,1.0
371,422,1,1826,0,798,0.437,0.0,1,1494,0.818,1.0,1,1669,0.914,1.0,1,1805,0.988,1.0,1,1823,0.998,1.0,1,1825,0.999,1.0,1,1825,0.999,1.0
372,423,1,1827,0,798,0.437,0.0,0,1494,0.818,0.0,0,1669,0.914,0.0,0,1805,0.988,0.0,1,1824,0.998,1.0,1,1826,0.999,1.0,1,1826,0.999,1.0
373,424,1,1828,1,799,0.437,1.0,1,1495,0.818,1.0,1,1670,0.914,1.0,1,1806,0.988,1.0,1,1825,0.998,1.0,1,1827,0.999,1.0,1,1827,0.999,1.0
374,428,2,1830,1,800,0.437,0.5,2,1497,0.818,1.0,2,1672,0.914,1.0,2,1808,0.988,1.0,2,1827,0.998,1.0,2,1829,0.999,1.0,2,1829,0.999,1.0
375,430,2,1832,2,802,0.438,1.0,2,1499,0.818,1.0,2,1674,0.914,1.0,2,1810,0.988,1.0,2,1829,0.998,1.0,2,1831,0.999,1.0,2,1831,0.999,1.0
376,431,1,1833,0,802,0.438,0.0,0,1499,0.818,0.0,1,1675,0.914,1.0,1,1811,0.988,1.0,1,1830,0.998,1.0,1,1832,0.999,1.0,1,1832,0.999,1.0
377,433,3,1836,1,803,0.437,0.333,2,1501,0.818,0.667,2,1677,0.913,0.667,3,1814,0.988,1.0,3,1833,0.998,1.0,3,1835,0.999,1.0,3,1835,0.999,1.0
378,434,1,1837,0,803,0.437,0.0,1,1502,0.818,1.0,1,1678,0.913,1.0,1,1815,0.988,1.0,1,1834,0.998,1.0,1,1836,0.999,1.0,1,1836,0.999,1.0
379,435,2,1839,2,805,0.438,1.0,2,1504,0.818,1.0,2,1680,0.914,1.0,2,1817,0.988,1.0,2,1836,0.998,1.0,2,1838,0.999,1.0,2,1838,0.999,1.0
380,436,2,1841,1,806,0.438,0.5,1,1505,0.817,0.5,1,1681,0.913,0.5,2,1819,0.988,1.0,2,1838,0.998,1.0,2,1840,0.999,1.0,2,1840,0.999,1.0
381,437,1,1842,1,807,0.438,1.0,1,1506,0.818,1.0,1,1682,0.913,1.0,1,1820,0.988,1.0,1,1839,0.998,1.0,1,1841,0.999,1.0,1,1841,0.999,1.0
382,438,2,1844,1,808,0.438,0.5,2,1508,0.818,1.0,2,1684,0.913,1.0,2,1822,0.988,1.0,2,1841,0.998,1.0,2,1843,0.999,1.0,2,1843,0.999,1.0
383,439,2,1846,0,808,0.438,0.0,2,1510,0.818,1.0,2,1686,0.913,1.0,2,1824,0.988,1.0,2,1843,0.998,1.0,2,1845,0.999,1.0,2,1845,0.999,1.0
384,440,1,1847,0,808,0.437,0.0,1,1511,0.818,1.0,1,1687,0.913,1.0,1,1825,0.988,1.0,1,1844,0.998,1.0,1,1846,0.999,1.0,1,1846,0.999,1.0
385,444,1,1848,1,809,0.438,1.0,1,1512,0.818,1.0,1,1688,0.913,1.0,1,1826,0.988,1.0,1,1845,0.998,1.0,1,1847,0.999,1.0,1,1847,0.999,1.0
386,445,1,1849,0,809,0.438,0.0,1,1513,0.818,1.0,1,1689,0.913,1.0,1,1827,0.988,1.0,1,1846,0.998,1.0,1,1848,0.999,1.0,1,1848,0.999,1.0
387,446,1,1850,1,810,0.438,1.0,1,1514,0.818,1.0,1,1690,0.914,1.0,1,1828,0.988,1.0,1,1847,0.998,1.0,1,1849,0.999,1.0,1,1849,0.999,1.0
388,454,1,1851,1,811,0.438,1.0,1,1515,0.818,1.0,1,1691,0.914,1.0,1,1829,0.988,1.0,1,1848,0.998,1.0,1,1850,0.999,1.0,1,1850,0.999,1.0
389,458,1,1852,1,812,0.438,1.0,1,1516,0.819,1.0,1,1692,0.914,1.0,1,1830,0.988,1.0,1,1849,0.998,1.0,1,1851,0.999,1.0,1,1851,0.999,1.0
390,459,2,1854,1,813,0.439,0.5,2,1518,0.819,1.0,2,1694,0.914,1.0,2,1832,0.988,1.0,2,1851,0.998,1.0,2,1853,0.999,1.0,2,1853,0.999,1.0
391,460,1,1855,1,814,0.439,1.0,1,1519,0.819,1.0,1,1695,0.914,1.0,1,1833,0.988,1.0,1,1852,0.998,1.0,1,1854,0.999,1.0,1,1854,0.999,1.0
392,461,2,1857,2,816,0.439,1.0,2,1521,0.819,1.0,2,1697,0.914,1.0,2,1835,0.988,1.0,2,1854,0.998,1.0,2,1856,0.999,1.0,2,1856,0.999,1.0
393,462,2,1859,0,816,0.439,0.0,2,1523,0.819,1.0,2,1699,0.914,1.0,2,1837,0.988,1.0,2,1856,0.998,1.0,2,1858,0.999,1.0,2,1858,0.999,1.0
394,464,1,1860,0,816,0.439,0.0,1,1524,0.819,1.0,1,1700,0.914,1.0,1,1838,0.988,1.0,1,1857,0.998,1.0,1,1859,0.999,1.0,1,1859,0.999,1.0
395,465,1,1861,1,817,0.439,1.0,1,1525,0.819,1.0,1,1701,0.914,1.0,1,1839,0.988,1.0,1,1858,0.998,1.0,1,1860,0.999,1.0,1,1860,0.999,1.0
396,466,1,1862,1,818,0.439,1.0,1,1526,0.82,1.0,1,1702,0.914,1.0,1,1840,0.988,1.0,1,1859,0.998,1.0,1,1861,0.999,1.0,1,1861,0.999,1.0
397,469,1,1863,0,818,0.439,0.0,1,1527,0.82,1.0,1,1703,0.914,1.0,1,1841,0.988,1.0,1,1860,0.998,1.0,1,1862,0.999,1.0,1,1862,0.999,1.0
398,470,2,1865,2,820,0.44,1.0,2,1529,0.82,1.0,2,1705,0.914,1.0,2,1843,0.988,1.0,2,1862,0.998,1.0,2,1864,0.999,1.0,2,1864,0.999,1.0
399,474,2,1867,0,820,0.439,0.0,2,1531,0.82,1.0,2,1707,0.914,1.0,2,1845,0.988,1.0,2,1864,0.998,1.0,2,1866,0.999,1.0,2,1866,0.999,1.0
400,480,2,1869,1,821,0.439,0.5,2,1533,0.82,1.0,2,1709,0.914,1.0,2,1847,0.988,1.0,2,1866,0.998,1.0,2,1868,0.999,1.0,2,1868,0.999,1.0
401,482,2,1871,0,821,0.439,0.0,2,1535,0.82,1.0,2,1711,0.914,1.0,2,1849,0.988,1.0,2,1868,0.998,1.0,2,1870,0.999,1.0,2,1870,0.999,1.0
402,489,1,1872,1,822,0.439,1.0,1,1536,0.821,1.0,1,1712,0.915,1.0,1,1850,0.988,1.0,1,1869,0.998,1.0,1,1871,0.999,1.0,1,1871,0.999,1.0
403,491,1,1873,1,823,0.439,1.0,1,1537,0.821,1.0,1,1713,0.915,1.0,1,1851,0.988,1.0,1,1870,0.998,1.0,1,1872,0.999,1.0,1,1872,0.999,1.0
404,493,1,1874,0,823,0.439,0.0,1,1538,0.821,1.0,1,1714,0.915,1.0,1,1852,0.988,1.0,1,1871,0.998,1.0,1,1873,0.999,1.0,1,1873,0.999,1.0
405,495,2,1876,0,823,0.439,0.0,1,1539,0.82,0.5,2,1716,0.915,1.0,2,1854,0.988,1.0,2,1873,0.998,1.0,2,1875,0.999,1.0,2,1875,0.999,1.0
406,498,1,1877,1,824,0.439,1.0,1,1540,0.82,1.0,1,1717,0.915,1.0,1,1855,0.988,1.0,1,1874,0.998,1.0,1,1876,0.999,1.0,1,1876,0.999,1.0
407,499,1,1878,1,825,0.439,1.0,1,1541,0.821,1.0,1,1718,0.915,1.0,1,1856,0.988,1.0,1,1875,0.998,1.0,1,1877,0.999,1.0,1,1877,0.999,1.0
408,505,2,1880,1,826,0.439,0.5,2,1543,0.821,1.0,2,1720,0.915,1.0,2,1858,0.988,1.0,2,1877,0.998,1.0,2,1879,0.999,1.0,2,1879,0.999,1.0
409,507,1,1881,1,827,0.44,1.0,1,1544,0.821,1.0,1,1721,0.915,1.0,1,1859,0.988,1.0,1,1878,0.998,1.0,1,1880,0.999,1.0,1,1880,0.999,1.0
410,508,1,1882,0,827,0.439,0.0,1,1545,0.821,1.0,1,1722,0.915,1.0,1,1860,0.988,1.0,1,1879,0.998,1.0,1,1881,0.999,1.0,1,1881,0.999,1.0
411,510,1,1883,1,828,0.44,1.0,1,1546,0.821,1.0,1,1723,0.915,1.0,1,1861,0.988,1.0,1,1880,0.998,1.0,1,1882,0.999,1.0,1,1882,0.999,1.0
412,518,1,1884,1,829,0.44,1.0,1,1547,0.821,1.0,1,1724,0.915,1.0,1,1862,0.988,1.0,1,1881,0.998,1.0,1,1883,0.999,1.0,1,1883,0.999,1.0
413,520,1,1885,1,830,0.44,1.0,1,1548,0.821,1.0,1,1725,0.915,1.0,1,1863,0.988,1.0,1,1882,0.998,1.0,1,1884,0.999,1.0,1,1884,0.999,1.0
414,527,1,1886,1,831,0.441,1.0,1,1549,0.821,1.0,1,1726,0.915,1.0,1,1864,0.988,1.0,1,1883,0.998,1.0,1,1885,0.999,1.0,1,1885,0.999,1.0
415,528,1,1887,1,832,0.441,1.0,1,1550,0.821,1.0,1,1727,0.915,1.0,1,1865,0.988,1.0,1,1884,0.998,1.0,1,1886,0.999,1.0,1,1886,0.999,1.0
416,532,3,1890,3,835,0.442,1.0,3,1553,0.822,1.0,3,1730,0.915,1.0,3,1868,0.988,1.0,3,1887,0.998,1.0,3,1889,0.999,1.0,3,1889,0.999,1.0
417,534,1,1891,0,835,0.442,0.0,1,1554,0.822,1.0,1,1731,0.915,1.0,1,1869,0.988,1.0,1,1888,0.998,1.0,1,1890,0.999,1.0,1,1890,0.999,1.0
418,535,1,1892,0,835,0.441,0.0,1,1555,0.822,1.0,1,1732,0.915,1.0,1,1870,0.988,1.0,1,1889,0.998,1.0,1,1891,0.999,1.0,1,1891,0.999,1.0
419,538,1,1893,0,835,0.441,0.0,1,1556,0.822,1.0,1,1733,0.915,1.0,1,1871,0.988,1.0,1,1890,0.998,1.0,1,1892,0.999,1.0,1,1892,0.999,1.0
420,541,1,1894,1,836,0.441,1.0,1,1557,0.822,1.0,1,1734,0.916,1.0,1,1872,0.988,1.0,1,1891,0.998,1.0,1,1893,0.999,1.0,1,1893,0.999,1.0
421,542,1,1895,1,837,0.442,1.0,1,1558,0.822,1.0,1,1735,0.916,1.0,1,1873,0.988,1.0,1,1892,0.998,1.0,1,1894,0.999,1.0,1,1894,0.999,1.0
422,543,1,1896,1,838,0.442,1.0,1,1559,0.822,1.0,1,1736,0.916,1.0,1,1874,0.988,1.0,1,1893,0.998,1.0,1,1895,0.999,1.0,1,1895,0.999,1.0
423,545,2,1898,2,840,0.443,1.0,2,1561,0.822,1.0,2,1738,0.916,1.0,2,1876,0.988,1.0,2,1895,0.998,1.0,2,1897,0.999,1.0,2,1897,0.999,1.0
424,551,1,1899,0,840,0.442,0.0,1,1562,0.823,1.0,1,1739,0.916,1.0,1,1877,0.988,1.0,1,1896,0.998,1.0,1,1898,0.999,1.0,1,1898,0.999,1.0
425,556,1,1900,1,841,0.443,1.0,1,1563,0.823,1.0,1,1740,0.916,1.0,1,1878,0.988,1.0,1,1897,0.998,1.0,1,1899,0.999,1.0,1,1899,0.999,1.0
426,557,1,1901,0,841,0.442,0.0,1,1564,0.823,1.0,1,1741,0.916,1.0,1,1879,0.988,1.0,1,1898,0.998,1.0,1,1900,0.999,1.0,1,1900,0.999,1.0
427,558,1,1902,0,841,0.442,0.0,1,1565,0.823,1.0,1,1742,0.916,1.0,1,1880,0.988,1.0,1,1899,0.998,1.0,1,1901,0.999,1.0,1,1901,0.999,1.0
428,559,1,1903,0,841,0.442,0.0,1,1566,0.823,1.0,1,1743,0.916,1.0,1,1881,0.988,1.0,1,1900,0.998,1.0,1,1902,0.999,1.0,1,1902,0.999,1.0
429,566,1,1904,1,842,0.442,1.0,1,1567,0.823,1.0,1,1744,0.916,1.0,1,1882,0.988,1.0,1,1901,0.998,1.0,1,1903,0.999,1.0,1,1903,0.999,1.0
430,569,2,1906,1,843,0.442,0.5,2,1569,0.823,1.0,2,1746,0.916,1.0,2,1884,0.988,1.0,2,1903,0.998,1.0,2,1905,0.999,1.0,2,1905,0.999,1.0
431,571,1,1907,0,843,0.442,0.0,1,1570,0.823,1.0,1,1747,0.916,1.0,1,1885,0.988,1.0,1,1904,0.998,1.0,1,1906,0.999,1.0,1,1906,0.999,1.0
432,577,1,1908,1,844,0.442,1.0,1,1571,0.823,1.0,1,1748,0.916,1.0,1,1886,0.988,1.0,1,1905,0.998,1.0,1,1907,0.999,1.0,1,1907,0.999,1.0
433,578,2,1910,1,845,0.442,0.5,1,1572,0.823,0.5,2,1750,0.916,1.0,2,1888,0.988,1.0,2,1907,0.998,1.0,2,1909,0.999,1.0,2,1909,0.999,1.0
434,579,2,1912,1,846,0.442,0.5,1,1573,0.823,0.5,2,1752,0.916,1.0,2,1890,0.988,1.0,2,1909,0.998,1.0,2,1911,0.999,1.0,2,1911,0.999,1.0
435,583,1,1913,1,847,0.443,1.0,1,1574,0.823,1.0,1,1753,0.916,1.0,1,1891,0.988,1.0,1,1910,0.998,1.0,1,1912,0.999,1.0,1,1912,0.999,1.0
436,584,1,1914,0,847,0.443,0.0,1,1575,0.823,1.0,1,1754,0.916,1.0,1,1892,0.989,1.0,1,1911,0.998,1.0,1,1913,0.999,1.0,1,1913,0.999,1.0
437,586,1,1915,0,847,0.442,0.0,0,1575,0.822,0.0,1,1755,0.916,1.0,1,1893,0.989,1.0,1,1912,0.998,1.0,1,1914,0.999,1.0,1,1914,0.999,1.0
438,588,2,1917,1,848,0.442,0.5,2,1577,0.823,1.0,2,1757,0.917,1.0,2,1895,0.989,1.0,2,1914,0.998,1.0,2,1916,0.999,1.0,2,1916,0.999,1.0
439,589,1,1918,0,848,0.442,0.0,1,1578,0.823,1.0,1,1758,0.917,1.0,1,1896,0.989,1.0,1,1915,0.998,1.0,1,1917,0.999,1.0,1,1917,0.999,1.0
440,596,1,1919,0,848,0.442,0.0,1,1579,0.823,1.0,1,1759,0.917,1.0,1,1897,0.989,1.0,1,1916,0.998,1.0,1,1918,0.999,1.0,1,1918,0.999,1.0
441,599,1,1920,0,848,0.442,0.0,1,1580,0.823,1.0,1,1760,0.917,1.0,1,1898,0.989,1.0,1,1917,0.998,1.0,1,1919,0.999,1.0,1,1919,0.999,1.0
442,602,1,1921,0,848,0.441,0.0,0,1580,0.822,0.0,1,1761,0.917,1.0,1,1899,0.989,1.0,1,1918,0.998,1.0,1,1920,0.999,1.0,1,1920,0.999,1.0
443,605,1,1922,0,848,0.441,0.0,1,1581,0.823,1.0,1,1762,0.917,1.0,1,1900,0.989,1.0,1,1919,0.998,1.0,1,1921,0.999,1.0,1,1921,0.999,1.0
444,611,1,1923,1,849,0.441,1.0,1,1582,0.823,1.0,1,1763,0.917,1.0,1,1901,0.989,1.0,1,1920,0.998,1.0,1,1922,0.999,1.0,1,1922,0.999,1.0
445,618,1,1924,1,850,0.442,1.0,1,1583,0.823,1.0,1,1764,0.917,1.0,1,1902,0.989,1.0,1,1921,0.998,1.0,1,1923,0.999,1.0,1,1923,0.999,1.0
446,624,1,1925,0,850,0.442,0.0,1,1584,0.823,1.0,1,1765,0.917,1.0,1,1903,0.989,1.0,1,1922,0.998,1.0,1,1924,0.999,1.0,1,1924,0.999,1.0
447,629,1,1926,0,850,0.441,0.0,1,1585,0.823,1.0,1,1766,0.917,1.0,1,1904,0.989,1.0,1,1923,0.998,1.0,1,1925,0.999,1.0,1,1925,0.999,1.0
448,630,1,1927,0,850,0.441,0.0,1,1586,0.823,1.0,1,1767,0.917,1.0,1,1905,0.989,1.0,1,1924,0.998,1.0,1,1926,0.999,1.0,1,1926,0.999,1.0
449,635,1,1928,1,851,0.441,1.0,1,1587,0.823,1.0,1,1768,0.917,1.0,1,1906,0.989,1.0,1,1925,0.998,1.0,1,1927,0.999,1.0,1,1927,0.999,1.0
450,641,2,1930,0,851,0.441,0.0,2,1589,0.823,1.0,2,1770,0.917,1.0,2,1908,0.989,1.0,2,1927,0.998,1.0,2,1929,0.999,1.0,2,1929,0.999,1.0
451,650,1,1931,0,851,0.441,0.0,1,1590,0.823,1.0,1,1771,0.917,1.0,1,1909,0.989,1.0,1,1928,0.998,1.0,1,1930,0.999,1.0,1,1930,0.999,1.0
452,666,1,1932,0,851,0.44,0.0,0,1590,0.823,0.0,0,1771,0.917,0.0,1,1910,0.989,1.0,1,1929,0.998,1.0,1,1931,0.999,1.0,1,1931,0.999,1.0
453,668,1,1933,0,851,0.44,0.0,1,1591,0.823,1.0,1,1772,0.917,1.0,1,1911,0.989,1.0,1,1930,0.998,1.0,1,1932,0.999,1.0,1,1932,0.999,1.0
454,671,1,1934,1,852,0.441,1.0,1,1592,0.823,1.0,1,1773,0.917,1.0,1,1912,0.989,1.0,1,1931,0.998,1.0,1,1933,0.999,1.0,1,1933,0.999,1.0
455,688,1,1935,0,852,0.44,0.0,1,1593,0.823,1.0,1,1774,0.917,1.0,1,1913,0.989,1.0,1,1932,0.998,1.0,1,1934,0.999,1.0,1,1934,0.999,1.0
456,691,1,1936,1,853,0.441,1.0,1,1594,0.823,1.0,1,1775,0.917,1.0,1,1914,0.989,1.0,1,1933,0.998,1.0,1,1935,0.999,1.0,1,1935,0.999,1.0
457,693,1,1937,1,854,0.441,1.0,1,1595,0.823,1.0,1,1776,0.917,1.0,1,1915,0.989,1.0,1,1934,0.998,1.0,1,1936,0.999,1.0,1,1936,0.999,1.0
458,710,1,1938,1,855,0.441,1.0,1,1596,0.824,1.0,1,1777,0.917,1.0,1,1916,0.989,1.0,1,1935,0.998,1.0,1,1937,0.999,1.0,1,1937,0.999,1.0
459,713,1,1939,1,856,0.441,1.0,1,1597,0.824,1.0,1,1778,0.917,1.0,1,1917,0.989,1.0,1,1936,0.998,1.0,1,1938,0.999,1.0,1,1938,0.999,1.0
460,717,1,1940,1,857,0.442,1.0,1,1598,0.824,1.0,1,1779,0.917,1.0,1,1918,0.989,1.0,1,1937,0.998,1.0,1,1939,0.999,1.0,1,1939,0.999,1.0
461,725,1,1941,1,858,0.442,1.0,1,1599,0.824,1.0,1,1780,0.917,1.0,1,1919,0.989,1.0,1,1938,0.998,1.0,1,1940,0.999,1.0,1,1940,0.999,1.0
462,727,1,1942,1,859,0.442,1.0,1,1600,0.824,1.0,1,1781,0.917,1.0,1,1920,0.989,1.0,1,1939,0.998,1.0,1,1941,0.999,1.0,1,1941,0.999,1.0
463,753,1,1943,0,859,0.442,0.0,1,1601,0.824,1.0,1,1782,0.917,1.0,1,1921,0.989,1.0,1,1940,0.998,1.0,1,1942,0.999,1.0,1,1942,0.999,1.0
464,754,2,1945,2,861,0.443,1.0,2,1603,0.824,1.0,2,1784,0.917,1.0,2,1923,0.989,1.0,2,1942,0.998,1.0,2,1944,0.999,1.0,2,1944,0.999,1.0
465,767,1,1946,0,861,0.442,0.0,1,1604,0.824,1.0,1,1785,0.917,1.0,1,1924,0.989,1.0,1,1943,0.998,1.0,1,1945,0.999,1.0,1,1945,0.999,1.0
466,771,1,1947,0,861,0.442,0.0,1,1605,0.824,1.0,1,1786,0.917,1.0,1,1925,0.989,1.0,1,1944,0.998,1.0,1,1946,0.999,1.0,1,1946,0.999,1.0
467,774,1,1948,0,861,0.442,0.0,1,1606,0.824,1.0,1,1787,0.917,1.0,1,1926,0.989,1.0,1,1945,0.998,1.0,1,1947,0.999,1.0,1,1947,0.999,1.0
468,776,1,1949,1,862,0.442,1.0,1,1607,0.825,1.0,1,1788,0.917,1.0,1,1927,0.989,1.0,1,1946,0.998,1.0,1,1948,0.999,1.0,1,1948,0.999,1.0
469,791,1,1950,0,862,0.442,0.0,1,1608,0.825,1.0,1,1789,0.917,1.0,1,1928,0.989,1.0,1,1947,0.998,1.0,1,1949,0.999,1.0,1,1949,0.999,1.0
470,796,1,1951,1,863,0.442,1.0,1,1609,0.825,1.0,1,1790,0.917,1.0,1,1929,0.989,1.0,1,1948,0.998,1.0,1,1950,0.999,1.0,1,1950,0.999,1.0
471,799,1,1952,0,863,0.442,0.0,0,1609,0.824,0.0,1,1791,0.918,1.0,1,1930,0.989,1.0,1,1949,0.998,1.0,1,1951,0.999,1.0,1,1951,0.999,1.0
472,802,1,1953,0,863,0.442,0.0,0,1609,0.824,0.0,1,1792,0.918,1.0,1,1931,0.989,1.0,1,1950,0.998,1.0,1,1952,0.999,1.0,1,1952,0.999,1.0
473,804,1,1954,1,864,0.442,1.0,1,1610,0.824,1.0,1,1793,0.918,1.0,1,1932,0.989,1.0,1,1951,0.998,1.0,1,1953,0.999,1.0,1,1953,0.999,1.0
474,814,1,1955,1,865,0.442,1.0,1,1611,0.824,1.0,1,1794,0.918,1.0,1,1933,0.989,1.0,1,1952,0.998,1.0,1,1954,0.999,1.0,1,1954,0.999,1.0
475,821,1,1956,0,865,0.442,0.0,0,1611,0.824,0.0,0,1794,0.917,0.0,1,1934,0.989,1.0,1,1953,0.998,1.0,1,1955,0.999,1.0,1,1955,0.999,1.0
476,861,1,1957,1,866,0.443,1.0,1,1612,0.824,1.0,1,1795,0.917,1.0,1,1935,0.989,1.0,1,1954,0.998,1.0,1,1956,0.999,1.0,1,1956,0.999,1.0
477,881,1,1958,0,866,0.442,0.0,1,1613,0.824,1.0,1,1796,0.917,1.0,1,1936,0.989,1.0,1,1955,0.998,1.0,1,1957,0.999,1.0,1,1957,0.999,1.0
478,928,1,1959,1,867,0.443,1.0,1,1614,0.824,1.0,1,1797,0.917,1.0,1,1937,0.989,1.0,1,1956,0.998,1.0,1,1958,0.999,1.0,1,1958,0.999,1.0
479,954,1,1960,1,868,0.443,1.0,1,1615,0.824,1.0,1,1798,0.917,1.0,1,1938,0.989,1.0,1,1957,0.998,1.0,1,1959,0.999,1.0,1,1959,0.999,1.0
480,958,1,1961,1,869,0.443,1.0,1,1616,0.824,1.0,1,1799,0.917,1.0,1,1939,0.989,1.0,1,1958,0.998,1.0,1,1960,0.999,1.0,1,1960,0.999,1.0
481,979,1,1962,0,869,0.443,0.0,1,1617,0.824,1.0,1,1800,0.917,1.0,1,1940,0.989,1.0,1,1959,0.998,1.0,1,1961,0.999,1.0,1,1961,0.999,1.0
482,997,1,1963,0,869,0.443,0.0,1,1618,0.824,1.0,1,1801,0.917,1.0,1,1941,0.989,1.0,1,1960,0.998,1.0,1,1962,0.999,1.0,1,1962,0.999,1.0
