,idx,pop_num,pop_cum_num,ID_num_0.68,ID_cum_num_0.68,ID_cum_rate_0.68,ID_rate_0.68,ID_num_0.9,ID_cum_num_0.9,ID_cum_rate_0.9,ID_rate_0.9,ID_num_0.95,ID_cum_num_0.95,ID_cum_rate_0.95,ID_rate_0.95,ID_num_0.99,ID_cum_num_0.99,ID_cum_rate_0.99,ID_rate_0.99,ID_num_0.999,ID_cum_num_0.999,ID_cum_rate_0.999,ID_rate_0.999,ID_num_0.9999,ID_cum_num_0.9999,ID_cum_rate_0.9999,ID_rate_0.9999,ID_num_0.99999,ID_cum_num_0.99999,ID_cum_rate_0.99999,ID_rate_0.99999
0,1,1,1,1,1,1.0,1.0,1,1,1.0,1.0,1,1,1.0,1.0,1,1,1.0,1.0,1,1,1.0,1.0,1,1,1.0,1.0,1,1,1.0,1.0
1,2,2,3,1,2,0.667,0.5,2,3,1.0,1.0,2,3,1.0,1.0,2,3,1.0,1.0,2,3,1.0,1.0,2,3,1.0,1.0,2,3,1.0,1.0
2,4,2,5,0,2,0.4,0.0,1,4,0.8,0.5,1,4,0.8,0.5,1,4,0.8,0.5,2,5,1.0,1.0,2,5,1.0,1.0,2,5,1.0,1.0
3,5,2,7,2,4,0.571,1.0,2,6,0.857,1.0,2,6,0.857,1.0,2,6,0.857,1.0,2,7,1.0,1.0,2,7,1.0,1.0,2,7,1.0,1.0
4,7,2,9,2,6,0.667,1.0,2,8,0.889,1.0,2,8,0.889,1.0,2,8,0.889,1.0,2,9,1.0,1.0,2,9,1.0,1.0,2,9,1.0,1.0
5,8,3,12,1,7,0.583,0.333,3,11,0.917,1.0,3,11,0.917,1.0,3,11,0.917,1.0,3,12,1.0,1.0,3,12,1.0,1.0,3,12,1.0,1.0
6,9,2,14,0,7,0.5,0.0,2,13,0.929,1.0,2,13,0.929,1.0,2,13,0.929,1.0,2,14,1.0,1.0,2,14,1.0,1.0,2,14,1.0,1.0
7,10,2,16,2,9,0.562,1.0,2,15,0.938,1.0,2,15,0.938,1.0,2,15,0.938,1.0,2,16,1.0,1.0,2,16,1.0,1.0,2,16,1.0,1.0
8,13,1,17,1,10,0.588,1.0,1,16,0.941,1.0,1,16,0.941,1.0,1,16,0.941,1.0,1,17,1.0,1.0,1,17,1.0,1.0,1,17,1.0,1.0
9,15,2,19,2,12,0.632,1.0,2,18,0.947,1.0,2,18,0.947,1.0,2,18,0.947,1.0,2,19,1.0,1.0,2,19,1.0,1.0,2,19,1.0,1.0
10,17,1,20,1,13,0.65,1.0,1,19,0.95,1.0,1,19,0.95,1.0,1,19,0.95,1.0,1,20,1.0,1.0,1,20,1.0,1.0,1,20,1.0,1.0
11,18,2,22,2,15,0.682,1.0,2,21,0.955,1.0,2,21,0.955,1.0,2,21,0.955,1.0,2,22,1.0,1.0,2,22,1.0,1.0,2,22,1.0,1.0
12,19,3,25,1,16,0.64,0.333,3,24,0.96,1.0,3,24,0.96,1.0,3,24,0.96,1.0,3,25,1.0,1.0,3,25,1.0,1.0,3,25,1.0,1.0
13,21,6,31,4,20,0.645,0.667,5,29,0.935,0.833,6,30,0.968,1.0,6,30,0.968,1.0,6,31,1.0,1.0,6,31,1.0,1.0,6,31,1.0,1.0
14,22,2,33,2,22,0.667,1.0,2,31,0.939,1.0,2,32,0.97,1.0,2,32,0.97,1.0,2,33,1.0,1.0,2,33,1.0,1.0,2,33,1.0,1.0
15,23,5,38,3,25,0.658,0.6,3,34,0.895,0.6,3,35,0.921,0.6,5,37,0.974,1.0,5,38,1.0,1.0,5,38,1.0,1.0,5,38,1.0,1.0
16,24,2,40,2,27,0.675,1.0,2,36,0.9,1.0,2,37,0.925,1.0,2,39,0.975,1.0,2,40,1.0,1.0,2,40,1.0,1.0,2,40,1.0,1.0
17,25,2,42,2,29,0.69,1.0,2,38,0.905,1.0,2,39,0.929,1.0,2,41,0.976,1.0,2,42,1.0,1.0,2,42,1.0,1.0,2,42,1.0,1.0
18,26,2,44,2,31,0.705,1.0,2,40,0.909,1.0,2,41,0.932,1.0,2,43,0.977,1.0,2,44,1.0,1.0,2,44,1.0,1.0,2,44,1.0,1.0
19,27,4,48,4,35,0.729,1.0,4,44,0.917,1.0,4,45,0.938,1.0,4,47,0.979,1.0,4,48,1.0,1.0,4,48,1.0,1.0,4,48,1.0,1.0
20,28,5,53,5,40,0.755,1.0,5,49,0.925,1.0,5,50,0.943,1.0,5,52,0.981,1.0,5,53,1.0,1.0,5,53,1.0,1.0,5,53,1.0,1.0
21,29,5,58,4,44,0.759,0.8,5,54,0.931,1.0,5,55,0.948,1.0,5,57,0.983,1.0,5,58,1.0,1.0,5,58,1.0,1.0,5,58,1.0,1.0
22,30,5,63,3,47,0.746,0.6,3,57,0.905,0.6,4,59,0.937,0.8,5,62,0.984,1.0,5,63,1.0,1.0,5,63,1.0,1.0,5,63,1.0,1.0
23,31,7,70,5,52,0.743,0.714,7,64,0.914,1.0,7,66,0.943,1.0,7,69,0.986,1.0,7,70,1.0,1.0,7,70,1.0,1.0,7,70,1.0,1.0
24,32,4,74,1,53,0.716,0.25,4,68,0.919,1.0,4,70,0.946,1.0,4,73,0.986,1.0,4,74,1.0,1.0,4,74,1.0,1.0,4,74,1.0,1.0
25,33,3,77,2,55,0.714,0.667,3,71,0.922,1.0,3,73,0.948,1.0,3,76,0.987,1.0,3,77,1.0,1.0,3,77,1.0,1.0,3,77,1.0,1.0
26,34,3,80,2,57,0.712,0.667,2,73,0.912,0.667,3,76,0.95,1.0,3,79,0.988,1.0,3,80,1.0,1.0,3,80,1.0,1.0,3,80,1.0,1.0
27,35,3,83,3,60,0.723,1.0,3,76,0.916,1.0,3,79,0.952,1.0,3,82,0.988,1.0,3,83,1.0,1.0,3,83,1.0,1.0,3,83,1.0,1.0
28,36,8,91,5,65,0.714,0.625,8,84,0.923,1.0,8,87,0.956,1.0,8,90,0.989,1.0,8,91,1.0,1.0,8,91,1.0,1.0,8,91,1.0,1.0
29,37,4,95,2,67,0.705,0.5,3,87,0.916,0.75,3,90,0.947,0.75,4,94,0.989,1.0,4,95,1.0,1.0,4,95,1.0,1.0,4,95,1.0,1.0
30,38,12,107,8,75,0.701,0.667,11,98,0.916,0.917,11,101,0.944,0.917,12,106,0.991,1.0,12,107,1.0,1.0,12,107,1.0,1.0,12,107,1.0,1.0
31,39,11,118,9,84,0.712,0.818,10,108,0.915,0.909,11,112,0.949,1.0,11,117,0.992,1.0,11,118,1.0,1.0,11,118,1.0,1.0,11,118,1.0,1.0
32,40,3,121,1,85,0.702,0.333,3,111,0.917,1.0,3,115,0.95,1.0,3,120,0.992,1.0,3,121,1.0,1.0,3,121,1.0,1.0,3,121,1.0,1.0
33,41,12,133,10,95,0.714,0.833,11,122,0.917,0.917,11,126,0.947,0.917,12,132,0.992,1.0,12,133,1.0,1.0,12,133,1.0,1.0,12,133,1.0,1.0
34,42,8,141,6,101,0.716,0.75,7,129,0.915,0.875,8,134,0.95,1.0,8,140,0.993,1.0,8,141,1.0,1.0,8,141,1.0,1.0,8,141,1.0,1.0
35,43,3,144,2,103,0.715,0.667,3,132,0.917,1.0,3,137,0.951,1.0,3,143,0.993,1.0,3,144,1.0,1.0,3,144,1.0,1.0,3,144,1.0,1.0
36,44,6,150,5,108,0.72,0.833,6,138,0.92,1.0,6,143,0.953,1.0,6,149,0.993,1.0,6,150,1.0,1.0,6,150,1.0,1.0,6,150,1.0,1.0
37,45,9,159,5,113,0.711,0.556,9,147,0.925,1.0,9,152,0.956,1.0,9,158,0.994,1.0,9,159,1.0,1.0,9,159,1.0,1.0,9,159,1.0,1.0
38,46,15,174,13,126,0.724,0.867,14,161,0.925,0.933,14,166,0.954,0.933,15,173,0.994,1.0,15,174,1.0,1.0,15,174,1.0,1.0,15,174,1.0,1.0
39,47,9,183,5,131,0.716,0.556,7,168,0.918,0.778,8,174,0.951,0.889,9,182,0.995,1.0,9,183,1.0,1.0,9,183,1.0,1.0,9,183,1.0,1.0
40,48,12,195,8,139,0.713,0.667,10,178,0.913,0.833,11,185,0.949,0.917,12,194,0.995,1.0,12,195,1.0,1.0,12,195,1.0,1.0,12,195,1.0,1.0
41,49,7,202,5,144,0.713,0.714,7,185,0.916,1.0,7,192,0.95,1.0,7,201,0.995,1.0,7,202,1.0,1.0,7,202,1.0,1.0,7,202,1.0,1.0
42,50,11,213,6,150,0.704,0.545,9,194,0.911,0.818,10,202,0.948,0.909,11,212,0.995,1.0,11,213,1.0,1.0,11,213,1.0,1.0,11,213,1.0,1.0
43,51,6,219,4,154,0.703,0.667,5,199,0.909,0.833,6,208,0.95,1.0,6,218,0.995,1.0,6,219,1.0,1.0,6,219,1.0,1.0,6,219,1.0,1.0
44,52,10,229,7,161,0.703,0.7,10,209,0.913,1.0,10,218,0.952,1.0,10,228,0.996,1.0,10,229,1.0,1.0,10,229,1.0,1.0,10,229,1.0,1.0
45,53,10,239,5,166,0.695,0.5,10,219,0.916,1.0,10,228,0.954,1.0,10,238,0.996,1.0,10,239,1.0,1.0,10,239,1.0,1.0,10,239,1.0,1.0
46,54,10,249,7,173,0.695,0.7,8,227,0.912,0.8,10,238,0.956,1.0,10,248,0.996,1.0,10,249,1.0,1.0,10,249,1.0,1.0,10,249,1.0,1.0
47,55,8,257,6,179,0.696,0.75,8,235,0.914,1.0,8,246,0.957,1.0,8,256,0.996,1.0,8,257,1.0,1.0,8,257,1.0,1.0,8,257,1.0,1.0
48,56,10,267,6,185,0.693,0.6,8,243,0.91,0.8,8,254,0.951,0.8,10,266,0.996,1.0,10,267,1.0,1.0,10,267,1.0,1.0,10,267,1.0,1.0
49,57,5,272,4,189,0.695,0.8,4,247,0.908,0.8,5,259,0.952,1.0,5,271,0.996,1.0,5,272,1.0,1.0,5,272,1.0,1.0,5,272,1.0,1.0
50,58,12,284,8,197,0.694,0.667,11,258,0.908,0.917,12,271,0.954,1.0,12,283,0.996,1.0,12,284,1.0,1.0,12,284,1.0,1.0,12,284,1.0,1.0
51,59,9,293,9,206,0.703,1.0,9,267,0.911,1.0,9,280,0.956,1.0,9,292,0.997,1.0,9,293,1.0,1.0,9,293,1.0,1.0,9,293,1.0,1.0
52,60,13,306,8,214,0.699,0.615,12,279,0.912,0.923,12,292,0.954,0.923,13,305,0.997,1.0,13,306,1.0,1.0,13,306,1.0,1.0,13,306,1.0,1.0
53,61,9,315,7,221,0.702,0.778,9,288,0.914,1.0,9,301,0.956,1.0,9,314,0.997,1.0,9,315,1.0,1.0,9,315,1.0,1.0,9,315,1.0,1.0
54,62,10,325,3,224,0.689,0.3,9,297,0.914,0.9,9,310,0.954,0.9,10,324,0.997,1.0,10,325,1.0,1.0,10,325,1.0,1.0,10,325,1.0,1.0
55,63,4,329,3,227,0.69,0.75,3,300,0.912,0.75,4,314,0.954,1.0,4,328,0.997,1.0,4,329,1.0,1.0,4,329,1.0,1.0,4,329,1.0,1.0
56,64,12,341,8,235,0.689,0.667,10,310,0.909,0.833,11,325,0.953,0.917,12,340,0.997,1.0,12,341,1.0,1.0,12,341,1.0,1.0,12,341,1.0,1.0
57,65,13,354,9,244,0.689,0.692,10,320,0.904,0.769,13,338,0.955,1.0,13,353,0.997,1.0,13,354,1.0,1.0,13,354,1.0,1.0,13,354,1.0,1.0
58,66,13,367,8,252,0.687,0.615,11,331,0.902,0.846,12,350,0.954,0.923,13,366,0.997,1.0,13,367,1.0,1.0,13,367,1.0,1.0,13,367,1.0,1.0
59,67,11,378,6,258,0.683,0.545,8,339,0.897,0.727,11,361,0.955,1.0,11,377,0.997,1.0,11,378,1.0,1.0,11,378,1.0,1.0,11,378,1.0,1.0
60,68,7,385,6,264,0.686,0.857,7,346,0.899,1.0,7,368,0.956,1.0,7,384,0.997,1.0,7,385,1.0,1.0,7,385,1.0,1.0,7,385,1.0,1.0
61,69,10,395,5,269,0.681,0.5,9,355,0.899,0.9,9,377,0.954,0.9,10,394,0.997,1.0,10,395,1.0,1.0,10,395,1.0,1.0,10,395,1.0,1.0
62,70,13,408,11,280,0.686,0.846,12,367,0.9,0.923,12,389,0.953,0.923,13,407,0.998,1.0,13,408,1.0,1.0,13,408,1.0,1.0,13,408,1.0,1.0
63,71,11,419,7,287,0.685,0.636,10,377,0.9,0.909,11,400,0.955,1.0,11,418,0.998,1.0,11,419,1.0,1.0,11,419,1.0,1.0,11,419,1.0,1.0
64,72,11,430,3,290,0.674,0.273,9,386,0.898,0.818,10,410,0.953,0.909,11,429,0.998,1.0,11,430,1.0,1.0,11,430,1.0,1.0,11,430,1.0,1.0
65,73,12,442,7,297,0.672,0.583,10,396,0.896,0.833,12,422,0.955,1.0,12,441,0.998,1.0,12,442,1.0,1.0,12,442,1.0,1.0,12,442,1.0,1.0
66,74,12,454,8,305,0.672,0.667,11,407,0.896,0.917,12,434,0.956,1.0,12,453,0.998,1.0,12,454,1.0,1.0,12,454,1.0,1.0,12,454,1.0,1.0
67,75,11,465,5,310,0.667,0.455,9,416,0.895,0.818,10,444,0.955,0.909,11,464,0.998,1.0,11,465,1.0,1.0,11,465,1.0,1.0,11,465,1.0,1.0
68,76,11,476,6,316,0.664,0.545,10,426,0.895,0.909,11,455,0.956,1.0,11,475,0.998,1.0,11,476,1.0,1.0,11,476,1.0,1.0,11,476,1.0,1.0
69,77,7,483,3,319,0.66,0.429,6,432,0.894,0.857,6,461,0.954,0.857,7,482,0.998,1.0,7,483,1.0,1.0,7,483,1.0,1.0,7,483,1.0,1.0
70,78,9,492,5,324,0.659,0.556,8,440,0.894,0.889,8,469,0.953,0.889,9,491,0.998,1.0,9,492,1.0,1.0,9,492,1.0,1.0,9,492,1.0,1.0
71,79,12,504,8,332,0.659,0.667,11,451,0.895,0.917,12,481,0.954,1.0,12,503,0.998,1.0,12,504,1.0,1.0,12,504,1.0,1.0,12,504,1.0,1.0
72,80,12,516,5,337,0.653,0.417,11,462,0.895,0.917,12,493,0.955,1.0,12,515,0.998,1.0,12,516,1.0,1.0,12,516,1.0,1.0,12,516,1.0,1.0
73,81,8,524,3,340,0.649,0.375,7,469,0.895,0.875,8,501,0.956,1.0,8,523,0.998,1.0,8,524,1.0,1.0,8,524,1.0,1.0,8,524,1.0,1.0
74,82,9,533,5,345,0.647,0.556,9,478,0.897,1.0,9,510,0.957,1.0,9,532,0.998,1.0,9,533,1.0,1.0,9,533,1.0,1.0,9,533,1.0,1.0
75,83,6,539,3,348,0.646,0.5,6,484,0.898,1.0,6,516,0.957,1.0,6,538,0.998,1.0,6,539,1.0,1.0,6,539,1.0,1.0,6,539,1.0,1.0
76,84,7,546,2,350,0.641,0.286,4,488,0.894,0.571,6,522,0.956,0.857,7,545,0.998,1.0,7,546,1.0,1.0,7,546,1.0,1.0,7,546,1.0,1.0
77,85,6,552,3,353,0.639,0.5,6,494,0.895,1.0,6,528,0.957,1.0,6,551,0.998,1.0,6,552,1.0,1.0,6,552,1.0,1.0,6,552,1.0,1.0
78,86,8,560,4,357,0.638,0.5,6,500,0.893,0.75,8,536,0.957,1.0,8,559,0.998,1.0,8,560,1.0,1.0,8,560,1.0,1.0,8,560,1.0,1.0
79,87,9,569,6,363,0.638,0.667,9,509,0.895,1.0,9,545,0.958,1.0,9,568,0.998,1.0,9,569,1.0,1.0,9,569,1.0,1.0,9,569,1.0,1.0
80,88,6,575,5,368,0.64,0.833,5,514,0.894,0.833,6,551,0.958,1.0,6,574,0.998,1.0,6,575,1.0,1.0,6,575,1.0,1.0,6,575,1.0,1.0
81,89,5,580,3,371,0.64,0.6,4,518,0.893,0.8,5,556,0.959,1.0,5,579,0.998,1.0,5,580,1.0,1.0,5,580,1.0,1.0,5,580,1.0,1.0
82,90,8,588,2,373,0.634,0.25,6,524,0.891,0.75,8,564,0.959,1.0,8,587,0.998,1.0,8,588,1.0,1.0,8,588,1.0,1.0,8,588,1.0,1.0
83,91,8,596,4,377,0.633,0.5,6,530,0.889,0.75,8,572,0.96,1.0,8,595,0.998,1.0,8,596,1.0,1.0,8,596,1.0,1.0,8,596,1.0,1.0
84,92,13,609,7,384,0.631,0.538,9,539,0.885,0.692,13,585,0.961,1.0,13,608,0.998,1.0,13,609,1.0,1.0,13,609,1.0,1.0,13,609,1.0,1.0
85,93,15,624,10,394,0.631,0.667,15,554,0.888,1.0,15,600,0.962,1.0,15,623,0.998,1.0,15,624,1.0,1.0,15,624,1.0,1.0,15,624,1.0,1.0
86,94,10,634,1,395,0.623,0.1,8,562,0.886,0.8,9,609,0.961,0.9,10,633,0.998,1.0,10,634,1.0,1.0,10,634,1.0,1.0,10,634,1.0,1.0
87,95,15,649,10,405,0.624,0.667,13,575,0.886,0.867,15,624,0.961,1.0,15,648,0.998,1.0,15,649,1.0,1.0,15,649,1.0,1.0,15,649,1.0,1.0
88,96,7,656,2,407,0.62,0.286,5,580,0.884,0.714,7,631,0.962,1.0,7,655,0.998,1.0,7,656,1.0,1.0,7,656,1.0,1.0,7,656,1.0,1.0
89,97,9,665,4,411,0.618,0.444,7,587,0.883,0.778,8,639,0.961,0.889,9,664,0.998,1.0,9,665,1.0,1.0,9,665,1.0,1.0,9,665,1.0,1.0
90,98,16,681,8,419,0.615,0.5,15,602,0.884,0.938,16,655,0.962,1.0,16,680,0.999,1.0,16,681,1.0,1.0,16,681,1.0,1.0,16,681,1.0,1.0
91,99,14,695,3,422,0.607,0.214,10,612,0.881,0.714,14,669,0.963,1.0,14,694,0.999,1.0,14,695,1.0,1.0,14,695,1.0,1.0,14,695,1.0,1.0
92,100,13,708,3,425,0.6,0.231,9,621,0.877,0.692,11,680,0.96,0.846,13,707,0.999,1.0,13,708,1.0,1.0,13,708,1.0,1.0,13,708,1.0,1.0
93,101,11,719,5,430,0.598,0.455,10,631,0.878,0.909,11,691,0.961,1.0,11,718,0.999,1.0,11,719,1.0,1.0,11,719,1.0,1.0,11,719,1.0,1.0
94,102,11,730,6,436,0.597,0.545,9,640,0.877,0.818,10,701,0.96,0.909,10,728,0.997,0.909,11,730,1.0,1.0,11,730,1.0,1.0,11,730,1.0,1.0
95,103,12,742,6,442,0.596,0.5,10,650,0.876,0.833,12,713,0.961,1.0,12,740,0.997,1.0,12,742,1.0,1.0,12,742,1.0,1.0,12,742,1.0,1.0
96,104,13,755,9,451,0.597,0.692,12,662,0.877,0.923,12,725,0.96,0.923,13,753,0.997,1.0,13,755,1.0,1.0,13,755,1.0,1.0,13,755,1.0,1.0
97,105,10,765,5,456,0.596,0.5,10,672,0.878,1.0,10,735,0.961,1.0,10,763,0.997,1.0,10,765,1.0,1.0,10,765,1.0,1.0,10,765,1.0,1.0
98,106,8,773,2,458,0.592,0.25,7,679,0.878,0.875,8,743,0.961,1.0,8,771,0.997,1.0,8,773,1.0,1.0,8,773,1.0,1.0,8,773,1.0,1.0
99,107,15,788,8,466,0.591,0.533,11,690,0.876,0.733,11,754,0.957,0.733,15,786,0.997,1.0,15,788,1.0,1.0,15,788,1.0,1.0,15,788,1.0,1.0
100,108,7,795,4,470,0.591,0.571,7,697,0.877,1.0,7,761,0.957,1.0,7,793,0.997,1.0,7,795,1.0,1.0,7,795,1.0,1.0,7,795,1.0,1.0
101,109,6,801,3,473,0.591,0.5,5,702,0.876,0.833,5,766,0.956,0.833,6,799,0.998,1.0,6,801,1.0,1.0,6,801,1.0,1.0,6,801,1.0,1.0
102,110,14,815,6,479,0.588,0.429,12,714,0.876,0.857,12,778,0.955,0.857,13,812,0.996,0.929,14,815,1.0,1.0,14,815,1.0,1.0,14,815,1.0,1.0
103,111,11,826,4,483,0.585,0.364,7,721,0.873,0.636,10,788,0.954,0.909,11,823,0.996,1.0,11,826,1.0,1.0,11,826,1.0,1.0,11,826,1.0,1.0
104,112,15,841,7,490,0.583,0.467,13,734,0.873,0.867,13,801,0.952,0.867,15,838,0.996,1.0,15,841,1.0,1.0,15,841,1.0,1.0,15,841,1.0,1.0
105,113,13,854,5,495,0.58,0.385,7,741,0.868,0.538,10,811,0.95,0.769,12,850,0.995,0.923,13,854,1.0,1.0,13,854,1.0,1.0,13,854,1.0,1.0
106,114,12,866,7,502,0.58,0.583,9,750,0.866,0.75,11,822,0.949,0.917,12,862,0.995,1.0,12,866,1.0,1.0,12,866,1.0,1.0,12,866,1.0,1.0
107,115,5,871,1,503,0.577,0.2,4,754,0.866,0.8,5,827,0.949,1.0,5,867,0.995,1.0,5,871,1.0,1.0,5,871,1.0,1.0,5,871,1.0,1.0
108,116,16,887,6,509,0.574,0.375,11,765,0.862,0.688,14,841,0.948,0.875,16,883,0.995,1.0,16,887,1.0,1.0,16,887,1.0,1.0,16,887,1.0,1.0
109,117,13,900,4,513,0.57,0.308,8,773,0.859,0.615,12,853,0.948,0.923,13,896,0.996,1.0,13,900,1.0,1.0,13,900,1.0,1.0,13,900,1.0,1.0
110,118,3,903,1,514,0.569,0.333,3,776,0.859,1.0,3,856,0.948,1.0,3,899,0.996,1.0,3,903,1.0,1.0,3,903,1.0,1.0,3,903,1.0,1.0
111,119,10,913,4,518,0.567,0.4,7,783,0.858,0.7,10,866,0.949,1.0,10,909,0.996,1.0,10,913,1.0,1.0,10,913,1.0,1.0,10,913,1.0,1.0
112,120,6,919,3,521,0.567,0.5,6,789,0.859,1.0,6,872,0.949,1.0,6,915,0.996,1.0,6,919,1.0,1.0,6,919,1.0,1.0,6,919,1.0,1.0
113,121,6,925,1,522,0.564,0.167,5,794,0.858,0.833,6,878,0.949,1.0,6,921,0.996,1.0,6,925,1.0,1.0,6,925,1.0,1.0,6,925,1.0,1.0
114,122,8,933,6,528,0.566,0.75,8,802,0.86,1.0,8,886,0.95,1.0,8,929,0.996,1.0,8,933,1.0,1.0,8,933,1.0,1.0,8,933,1.0,1.0
115,123,9,942,5,533,0.566,0.556,7,809,0.859,0.778,7,893,0.948,0.778,9,938,0.996,1.0,9,942,1.0,1.0,9,942,1.0,1.0,9,942,1.0,1.0
116,124,10,952,3,536,0.563,0.3,6,815,0.856,0.6,8,901,0.946,0.8,9,947,0.995,0.9,10,952,1.0,1.0,10,952,1.0,1.0,10,952,1.0,1.0
117,125,13,965,8,544,0.564,0.615,12,827,0.857,0.923,13,914,0.947,1.0,13,960,0.995,1.0,13,965,1.0,1.0,13,965,1.0,1.0,13,965,1.0,1.0
118,126,14,979,6,550,0.562,0.429,12,839,0.857,0.857,14,928,0.948,1.0,14,974,0.995,1.0,14,979,1.0,1.0,14,979,1.0,1.0,14,979,1.0,1.0
119,127,10,989,3,553,0.559,0.3,9,848,0.857,0.9,9,937,0.947,0.9,10,984,0.995,1.0,10,989,1.0,1.0,10,989,1.0,1.0,10,989,1.0,1.0
120,128,7,996,4,557,0.559,0.571,6,854,0.857,0.857,6,943,0.947,0.857,7,991,0.995,1.0,7,996,1.0,1.0,7,996,1.0,1.0,7,996,1.0,1.0
121,129,5,1001,3,560,0.559,0.6,5,859,0.858,1.0,5,948,0.947,1.0,5,996,0.995,1.0,5,1001,1.0,1.0,5,1001,1.0,1.0,5,1001,1.0,1.0
122,130,8,1009,5,565,0.56,0.625,6,865,0.857,0.75,8,956,0.947,1.0,8,1004,0.995,1.0,8,1009,1.0,1.0,8,1009,1.0,1.0,8,1009,1.0,1.0
123,131,9,1018,4,569,0.559,0.444,8,873,0.858,0.889,9,965,0.948,1.0,9,1013,0.995,1.0,9,1018,1.0,1.0,9,1018,1.0,1.0,9,1018,1.0,1.0
124,132,8,1026,5,574,0.559,0.625,8,881,0.859,1.0,8,973,0.948,1.0,8,1021,0.995,1.0,8,1026,1.0,1.0,8,1026,1.0,1.0,8,1026,1.0,1.0
125,133,7,1033,4,578,0.56,0.571,5,886,0.858,0.714,5,978,0.947,0.714,7,1028,0.995,1.0,7,1033,1.0,1.0,7,1033,1.0,1.0,7,1033,1.0,1.0
126,134,11,1044,6,584,0.559,0.545,9,895,0.857,0.818,9,987,0.945,0.818,11,1039,0.995,1.0,11,1044,1.0,1.0,11,1044,1.0,1.0,11,1044,1.0,1.0
127,135,8,1052,3,587,0.558,0.375,7,902,0.857,0.875,8,995,0.946,1.0,8,1047,0.995,1.0,8,1052,1.0,1.0,8,1052,1.0,1.0,8,1052,1.0,1.0
128,136,10,1062,3,590,0.556,0.3,7,909,0.856,0.7,8,1003,0.944,0.8,10,1057,0.995,1.0,10,1062,1.0,1.0,10,1062,1.0,1.0,10,1062,1.0,1.0
129,137,8,1070,2,592,0.553,0.25,4,913,0.853,0.5,7,1010,0.944,0.875,8,1065,0.995,1.0,8,1070,1.0,1.0,8,1070,1.0,1.0,8,1070,1.0,1.0
130,138,9,1079,4,596,0.552,0.444,8,921,0.854,0.889,8,1018,0.943,0.889,9,1074,0.995,1.0,9,1079,1.0,1.0,9,1079,1.0,1.0,9,1079,1.0,1.0
131,139,10,1089,2,598,0.549,0.2,7,928,0.852,0.7,9,1027,0.943,0.9,10,1084,0.995,1.0,10,1089,1.0,1.0,10,1089,1.0,1.0,10,1089,1.0,1.0
132,140,9,1098,7,605,0.551,0.778,8,936,0.852,0.889,9,1036,0.944,1.0,9,1093,0.995,1.0,9,1098,1.0,1.0,9,1098,1.0,1.0,9,1098,1.0,1.0
133,141,13,1111,2,607,0.546,0.154,8,944,0.85,0.615,12,1048,0.943,0.923,13,1106,0.995,1.0,13,1111,1.0,1.0,13,1111,1.0,1.0,13,1111,1.0,1.0
134,142,6,1117,3,610,0.546,0.5,5,949,0.85,0.833,6,1054,0.944,1.0,6,1112,0.996,1.0,6,1117,1.0,1.0,6,1117,1.0,1.0,6,1117,1.0,1.0
135,143,6,1123,1,611,0.544,0.167,5,954,0.85,0.833,6,1060,0.944,1.0,6,1118,0.996,1.0,6,1123,1.0,1.0,6,1123,1.0,1.0,6,1123,1.0,1.0
136,144,9,1132,4,615,0.543,0.444,7,961,0.849,0.778,7,1067,0.943,0.778,9,1127,0.996,1.0,9,1132,1.0,1.0,9,1132,1.0,1.0,9,1132,1.0,1.0
137,145,3,1135,2,617,0.544,0.667,3,964,0.849,1.0,3,1070,0.943,1.0,3,1130,0.996,1.0,3,1135,1.0,1.0,3,1135,1.0,1.0,3,1135,1.0,1.0
138,146,14,1149,7,624,0.543,0.5,11,975,0.849,0.786,13,1083,0.943,0.929,13,1143,0.995,0.929,14,1149,1.0,1.0,14,1149,1.0,1.0,14,1149,1.0,1.0
139,147,5,1154,3,627,0.543,0.6,4,979,0.848,0.8,5,1088,0.943,1.0,5,1148,0.995,1.0,5,1154,1.0,1.0,5,1154,1.0,1.0,5,1154,1.0,1.0
140,148,5,1159,1,628,0.542,0.2,3,982,0.847,0.6,4,1092,0.942,0.8,5,1153,0.995,1.0,5,1159,1.0,1.0,5,1159,1.0,1.0,5,1159,1.0,1.0
141,149,7,1166,6,634,0.544,0.857,7,989,0.848,1.0,7,1099,0.943,1.0,7,1160,0.995,1.0,7,1166,1.0,1.0,7,1166,1.0,1.0,7,1166,1.0,1.0
142,150,6,1172,4,638,0.544,0.667,6,995,0.849,1.0,6,1105,0.943,1.0,6,1166,0.995,1.0,6,1172,1.0,1.0,6,1172,1.0,1.0,6,1172,1.0,1.0
143,151,11,1183,3,641,0.542,0.273,8,1003,0.848,0.727,11,1116,0.943,1.0,11,1177,0.995,1.0,11,1183,1.0,1.0,11,1183,1.0,1.0,11,1183,1.0,1.0
144,152,14,1197,3,644,0.538,0.214,11,1014,0.847,0.786,13,1129,0.943,0.929,14,1191,0.995,1.0,14,1197,1.0,1.0,14,1197,1.0,1.0,14,1197,1.0,1.0
145,153,10,1207,4,648,0.537,0.4,10,1024,0.848,1.0,10,1139,0.944,1.0,10,1201,0.995,1.0,10,1207,1.0,1.0,10,1207,1.0,1.0,10,1207,1.0,1.0
146,154,7,1214,3,651,0.536,0.429,5,1029,0.848,0.714,7,1146,0.944,1.0,7,1208,0.995,1.0,7,1214,1.0,1.0,7,1214,1.0,1.0,7,1214,1.0,1.0
147,155,6,1220,2,653,0.535,0.333,6,1035,0.848,1.0,6,1152,0.944,1.0,6,1214,0.995,1.0,6,1220,1.0,1.0,6,1220,1.0,1.0,6,1220,1.0,1.0
148,156,5,1225,3,656,0.536,0.6,5,1040,0.849,1.0,5,1157,0.944,1.0,5,1219,0.995,1.0,5,1225,1.0,1.0,5,1225,1.0,1.0,5,1225,1.0,1.0
149,157,5,1230,2,658,0.535,0.4,5,1045,0.85,1.0,5,1162,0.945,1.0,5,1224,0.995,1.0,5,1230,1.0,1.0,5,1230,1.0,1.0,5,1230,1.0,1.0
150,158,6,1236,5,663,0.536,0.833,6,1051,0.85,1.0,6,1168,0.945,1.0,6,1230,0.995,1.0,6,1236,1.0,1.0,6,1236,1.0,1.0,6,1236,1.0,1.0
151,159,4,1240,2,665,0.536,0.5,3,1054,0.85,0.75,4,1172,0.945,1.0,4,1234,0.995,1.0,4,1240,1.0,1.0,4,1240,1.0,1.0,4,1240,1.0,1.0
152,160,7,1247,3,668,0.536,0.429,7,1061,0.851,1.0,7,1179,0.945,1.0,7,1241,0.995,1.0,7,1247,1.0,1.0,7,1247,1.0,1.0,7,1247,1.0,1.0
153,161,5,1252,2,670,0.535,0.4,4,1065,0.851,0.8,5,1184,0.946,1.0,5,1246,0.995,1.0,5,1252,1.0,1.0,5,1252,1.0,1.0,5,1252,1.0,1.0
154,162,5,1257,2,672,0.535,0.4,2,1067,0.849,0.4,4,1188,0.945,0.8,5,1251,0.995,1.0,5,1257,1.0,1.0,5,1257,1.0,1.0,5,1257,1.0,1.0
155,163,8,1265,5,677,0.535,0.625,8,1075,0.85,1.0,8,1196,0.945,1.0,8,1259,0.995,1.0,8,1265,1.0,1.0,8,1265,1.0,1.0,8,1265,1.0,1.0
156,164,9,1274,6,683,0.536,0.667,8,1083,0.85,0.889,8,1204,0.945,0.889,9,1268,0.995,1.0,9,1274,1.0,1.0,9,1274,1.0,1.0,9,1274,1.0,1.0
157,165,11,1285,5,688,0.535,0.455,10,1093,0.851,0.909,11,1215,0.946,1.0,11,1279,0.995,1.0,11,1285,1.0,1.0,11,1285,1.0,1.0,11,1285,1.0,1.0
158,166,7,1292,2,690,0.534,0.286,6,1099,0.851,0.857,6,1221,0.945,0.857,7,1286,0.995,1.0,7,1292,1.0,1.0,7,1292,1.0,1.0,7,1292,1.0,1.0
159,167,7,1299,3,693,0.533,0.429,6,1105,0.851,0.857,7,1228,0.945,1.0,7,1293,0.995,1.0,7,1299,1.0,1.0,7,1299,1.0,1.0,7,1299,1.0,1.0
160,168,9,1308,4,697,0.533,0.444,5,1110,0.849,0.556,7,1235,0.944,0.778,8,1301,0.995,0.889,9,1308,1.0,1.0,9,1308,1.0,1.0,9,1308,1.0,1.0
161,169,3,1311,1,698,0.532,0.333,2,1112,0.848,0.667,3,1238,0.944,1.0,3,1304,0.995,1.0,3,1311,1.0,1.0,3,1311,1.0,1.0,3,1311,1.0,1.0
162,170,5,1316,0,698,0.53,0.0,3,1115,0.847,0.6,4,1242,0.944,0.8,5,1309,0.995,1.0,5,1316,1.0,1.0,5,1316,1.0,1.0,5,1316,1.0,1.0
163,171,5,1321,2,700,0.53,0.4,5,1120,0.848,1.0,5,1247,0.944,1.0,5,1314,0.995,1.0,5,1321,1.0,1.0,5,1321,1.0,1.0,5,1321,1.0,1.0
164,172,5,1326,3,703,0.53,0.6,3,1123,0.847,0.6,5,1252,0.944,1.0,5,1319,0.995,1.0,5,1326,1.0,1.0,5,1326,1.0,1.0,5,1326,1.0,1.0
165,173,6,1332,3,706,0.53,0.5,5,1128,0.847,0.833,5,1257,0.944,0.833,6,1325,0.995,1.0,6,1332,1.0,1.0,6,1332,1.0,1.0,6,1332,1.0,1.0
166,174,10,1342,4,710,0.529,0.4,8,1136,0.846,0.8,9,1266,0.943,0.9,10,1335,0.995,1.0,10,1342,1.0,1.0,10,1342,1.0,1.0,10,1342,1.0,1.0
167,175,7,1349,4,714,0.529,0.571,6,1142,0.847,0.857,7,1273,0.944,1.0,7,1342,0.995,1.0,7,1349,1.0,1.0,7,1349,1.0,1.0,7,1349,1.0,1.0
168,176,12,1361,2,716,0.526,0.167,9,1151,0.846,0.75,11,1284,0.943,0.917,12,1354,0.995,1.0,12,1361,1.0,1.0,12,1361,1.0,1.0,12,1361,1.0,1.0
169,177,7,1368,2,718,0.525,0.286,5,1156,0.845,0.714,7,1291,0.944,1.0,7,1361,0.995,1.0,7,1368,1.0,1.0,7,1368,1.0,1.0,7,1368,1.0,1.0
170,178,7,1375,2,720,0.524,0.286,6,1162,0.845,0.857,7,1298,0.944,1.0,7,1368,0.995,1.0,7,1375,1.0,1.0,7,1375,1.0,1.0,7,1375,1.0,1.0
171,179,5,1380,0,720,0.522,0.0,5,1167,0.846,1.0,5,1303,0.944,1.0,5,1373,0.995,1.0,5,1380,1.0,1.0,5,1380,1.0,1.0,5,1380,1.0,1.0
172,180,5,1385,2,722,0.521,0.4,4,1171,0.845,0.8,4,1307,0.944,0.8,5,1378,0.995,1.0,5,1385,1.0,1.0,5,1385,1.0,1.0,5,1385,1.0,1.0
173,181,5,1390,4,726,0.522,0.8,5,1176,0.846,1.0,5,1312,0.944,1.0,5,1383,0.995,1.0,5,1390,1.0,1.0,5,1390,1.0,1.0,5,1390,1.0,1.0
174,182,6,1396,2,728,0.521,0.333,5,1181,0.846,0.833,6,1318,0.944,1.0,6,1389,0.995,1.0,6,1396,1.0,1.0,6,1396,1.0,1.0,6,1396,1.0,1.0
175,183,5,1401,4,732,0.522,0.8,5,1186,0.847,1.0,5,1323,0.944,1.0,5,1394,0.995,1.0,5,1401,1.0,1.0,5,1401,1.0,1.0,5,1401,1.0,1.0
176,184,2,1403,1,733,0.522,0.5,2,1188,0.847,1.0,2,1325,0.944,1.0,2,1396,0.995,1.0,2,1403,1.0,1.0,2,1403,1.0,1.0,2,1403,1.0,1.0
177,185,3,1406,3,736,0.523,1.0,3,1191,0.847,1.0,3,1328,0.945,1.0,3,1399,0.995,1.0,3,1406,1.0,1.0,3,1406,1.0,1.0,3,1406,1.0,1.0
178,186,3,1409,1,737,0.523,0.333,3,1194,0.847,1.0,3,1331,0.945,1.0,3,1402,0.995,1.0,3,1409,1.0,1.0,3,1409,1.0,1.0,3,1409,1.0,1.0
179,187,3,1412,1,738,0.523,0.333,3,1197,0.848,1.0,3,1334,0.945,1.0,3,1405,0.995,1.0,3,1412,1.0,1.0,3,1412,1.0,1.0,3,1412,1.0,1.0
180,188,5,1417,1,739,0.522,0.2,5,1202,0.848,1.0,5,1339,0.945,1.0,5,1410,0.995,1.0,5,1417,1.0,1.0,5,1417,1.0,1.0,5,1417,1.0,1.0
181,189,4,1421,1,740,0.521,0.25,3,1205,0.848,0.75,4,1343,0.945,1.0,4,1414,0.995,1.0,4,1421,1.0,1.0,4,1421,1.0,1.0,4,1421,1.0,1.0
182,190,5,1426,1,741,0.52,0.2,5,1210,0.849,1.0,5,1348,0.945,1.0,5,1419,0.995,1.0,5,1426,1.0,1.0,5,1426,1.0,1.0,5,1426,1.0,1.0
183,191,5,1431,1,742,0.519,0.2,3,1213,0.848,0.6,5,1353,0.945,1.0,5,1424,0.995,1.0,5,1431,1.0,1.0,5,1431,1.0,1.0,5,1431,1.0,1.0
184,192,4,1435,2,744,0.518,0.5,4,1217,0.848,1.0,4,1357,0.946,1.0,4,1428,0.995,1.0,4,1435,1.0,1.0,4,1435,1.0,1.0,4,1435,1.0,1.0
185,193,5,1440,2,746,0.518,0.4,5,1222,0.849,1.0,5,1362,0.946,1.0,5,1433,0.995,1.0,5,1440,1.0,1.0,5,1440,1.0,1.0,5,1440,1.0,1.0
186,194,2,1442,1,747,0.518,0.5,2,1224,0.849,1.0,2,1364,0.946,1.0,2,1435,0.995,1.0,2,1442,1.0,1.0,2,1442,1.0,1.0,2,1442,1.0,1.0
187,195,4,1446,2,749,0.518,0.5,4,1228,0.849,1.0,4,1368,0.946,1.0,4,1439,0.995,1.0,4,1446,1.0,1.0,4,1446,1.0,1.0,4,1446,1.0,1.0
188,196,3,1449,1,750,0.518,0.333,2,1230,0.849,0.667,3,1371,0.946,1.0,3,1442,0.995,1.0,3,1449,1.0,1.0,3,1449,1.0,1.0,3,1449,1.0,1.0
189,197,4,1453,1,751,0.517,0.25,4,1234,0.849,1.0,4,1375,0.946,1.0,4,1446,0.995,1.0,4,1453,1.0,1.0,4,1453,1.0,1.0,4,1453,1.0,1.0
190,198,2,1455,1,752,0.517,0.5,1,1235,0.849,0.5,2,1377,0.946,1.0,2,1448,0.995,1.0,2,1455,1.0,1.0,2,1455,1.0,1.0,2,1455,1.0,1.0
191,199,4,1459,1,753,0.516,0.25,2,1237,0.848,0.5,3,1380,0.946,0.75,4,1452,0.995,1.0,4,1459,1.0,1.0,4,1459,1.0,1.0,4,1459,1.0,1.0
192,200,5,1464,0,753,0.514,0.0,3,1240,0.847,0.6,5,1385,0.946,1.0,5,1457,0.995,1.0,5,1464,1.0,1.0,5,1464,1.0,1.0,5,1464,1.0,1.0
193,201,5,1469,3,756,0.515,0.6,3,1243,0.846,0.6,5,1390,0.946,1.0,5,1462,0.995,1.0,5,1469,1.0,1.0,5,1469,1.0,1.0,5,1469,1.0,1.0
194,202,3,1472,0,756,0.514,0.0,3,1246,0.846,1.0,3,1393,0.946,1.0,3,1465,0.995,1.0,3,1472,1.0,1.0,3,1472,1.0,1.0,3,1472,1.0,1.0
195,203,5,1477,3,759,0.514,0.6,5,1251,0.847,1.0,5,1398,0.947,1.0,5,1470,0.995,1.0,5,1477,1.0,1.0,5,1477,1.0,1.0,5,1477,1.0,1.0
196,204,6,1483,5,764,0.515,0.833,6,1257,0.848,1.0,6,1404,0.947,1.0,6,1476,0.995,1.0,6,1483,1.0,1.0,6,1483,1.0,1.0,6,1483,1.0,1.0
197,205,7,1490,4,768,0.515,0.571,6,1263,0.848,0.857,7,1411,0.947,1.0,7,1483,0.995,1.0,7,1490,1.0,1.0,7,1490,1.0,1.0,7,1490,1.0,1.0
198,206,3,1493,1,769,0.515,0.333,2,1265,0.847,0.667,2,1413,0.946,0.667,3,1486,0.995,1.0,3,1493,1.0,1.0,3,1493,1.0,1.0,3,1493,1.0,1.0
199,207,10,1503,1,770,0.512,0.1,9,1274,0.848,0.9,10,1423,0.947,1.0,10,1496,0.995,1.0,10,1503,1.0,1.0,10,1503,1.0,1.0,10,1503,1.0,1.0
200,208,2,1505,1,771,0.512,0.5,2,1276,0.848,1.0,2,1425,0.947,1.0,2,1498,0.995,1.0,2,1505,1.0,1.0,2,1505,1.0,1.0,2,1505,1.0,1.0
201,209,3,1508,0,771,0.511,0.0,3,1279,0.848,1.0,3,1428,0.947,1.0,3,1501,0.995,1.0,3,1508,1.0,1.0,3,1508,1.0,1.0,3,1508,1.0,1.0
202,210,3,1511,2,773,0.512,0.667,3,1282,0.848,1.0,3,1431,0.947,1.0,3,1504,0.995,1.0,3,1511,1.0,1.0,3,1511,1.0,1.0,3,1511,1.0,1.0
203,211,1,1512,0,773,0.511,0.0,1,1283,0.849,1.0,1,1432,0.947,1.0,1,1505,0.995,1.0,1,1512,1.0,1.0,1,1512,1.0,1.0,1,1512,1.0,1.0
204,212,3,1515,2,775,0.512,0.667,3,1286,0.849,1.0,3,1435,0.947,1.0,3,1508,0.995,1.0,3,1515,1.0,1.0,3,1515,1.0,1.0,3,1515,1.0,1.0
205,213,5,1520,2,777,0.511,0.4,4,1290,0.849,0.8,5,1440,0.947,1.0,5,1513,0.995,1.0,5,1520,1.0,1.0,5,1520,1.0,1.0,5,1520,1.0,1.0
206,214,4,1524,1,778,0.51,0.25,4,1294,0.849,1.0,4,1444,0.948,1.0,4,1517,0.995,1.0,4,1524,1.0,1.0,4,1524,1.0,1.0,4,1524,1.0,1.0
207,215,4,1528,3,781,0.511,0.75,4,1298,0.849,1.0,4,1448,0.948,1.0,4,1521,0.995,1.0,4,1528,1.0,1.0,4,1528,1.0,1.0,4,1528,1.0,1.0
208,216,1,1529,1,782,0.511,1.0,1,1299,0.85,1.0,1,1449,0.948,1.0,1,1522,0.995,1.0,1,1529,1.0,1.0,1,1529,1.0,1.0,1,1529,1.0,1.0
209,217,3,1532,1,783,0.511,0.333,3,1302,0.85,1.0,3,1452,0.948,1.0,3,1525,0.995,1.0,3,1532,1.0,1.0,3,1532,1.0,1.0,3,1532,1.0,1.0
210,218,2,1534,0,783,0.51,0.0,2,1304,0.85,1.0,2,1454,0.948,1.0,2,1527,0.995,1.0,2,1534,1.0,1.0,2,1534,1.0,1.0,2,1534,1.0,1.0
211,219,5,1539,2,785,0.51,0.4,4,1308,0.85,0.8,5,1459,0.948,1.0,5,1532,0.995,1.0,5,1539,1.0,1.0,5,1539,1.0,1.0,5,1539,1.0,1.0
212,220,7,1546,3,788,0.51,0.429,7,1315,0.851,1.0,7,1466,0.948,1.0,7,1539,0.995,1.0,7,1546,1.0,1.0,7,1546,1.0,1.0,7,1546,1.0,1.0
213,221,4,1550,1,789,0.509,0.25,3,1318,0.85,0.75,4,1470,0.948,1.0,4,1543,0.995,1.0,4,1550,1.0,1.0,4,1550,1.0,1.0,4,1550,1.0,1.0
214,222,2,1552,1,790,0.509,0.5,2,1320,0.851,1.0,2,1472,0.948,1.0,2,1545,0.995,1.0,2,1552,1.0,1.0,2,1552,1.0,1.0,2,1552,1.0,1.0
215,223,2,1554,1,791,0.509,0.5,2,1322,0.851,1.0,2,1474,0.949,1.0,2,1547,0.995,1.0,2,1554,1.0,1.0,2,1554,1.0,1.0,2,1554,1.0,1.0
216,224,7,1561,1,792,0.507,0.143,7,1329,0.851,1.0,7,1481,0.949,1.0,7,1554,0.996,1.0,7,1561,1.0,1.0,7,1561,1.0,1.0,7,1561,1.0,1.0
217,226,1,1562,0,792,0.507,0.0,1,1330,0.851,1.0,1,1482,0.949,1.0,1,1555,0.996,1.0,1,1562,1.0,1.0,1,1562,1.0,1.0,1,1562,1.0,1.0
218,227,7,1569,6,798,0.509,0.857,7,1337,0.852,1.0,7,1489,0.949,1.0,7,1562,0.996,1.0,7,1569,1.0,1.0,7,1569,1.0,1.0,7,1569,1.0,1.0
219,228,2,1571,2,800,0.509,1.0,2,1339,0.852,1.0,2,1491,0.949,1.0,2,1564,0.996,1.0,2,1571,1.0,1.0,2,1571,1.0,1.0,2,1571,1.0,1.0
220,229,5,1576,1,801,0.508,0.2,4,1343,0.852,0.8,4,1495,0.949,0.8,5,1569,0.996,1.0,5,1576,1.0,1.0,5,1576,1.0,1.0,5,1576,1.0,1.0
221,230,2,1578,1,802,0.508,0.5,2,1345,0.852,1.0,2,1497,0.949,1.0,2,1571,0.996,1.0,2,1578,1.0,1.0,2,1578,1.0,1.0,2,1578,1.0,1.0
222,231,3,1581,0,802,0.507,0.0,3,1348,0.853,1.0,3,1500,0.949,1.0,3,1574,0.996,1.0,3,1581,1.0,1.0,3,1581,1.0,1.0,3,1581,1.0,1.0
223,232,2,1583,1,803,0.507,0.5,2,1350,0.853,1.0,2,1502,0.949,1.0,2,1576,0.996,1.0,2,1583,1.0,1.0,2,1583,1.0,1.0,2,1583,1.0,1.0
224,233,1,1584,1,804,0.508,1.0,1,1351,0.853,1.0,1,1503,0.949,1.0,1,1577,0.996,1.0,1,1584,1.0,1.0,1,1584,1.0,1.0,1,1584,1.0,1.0
225,234,9,1593,3,807,0.507,0.333,7,1358,0.852,0.778,8,1511,0.949,0.889,8,1585,0.995,0.889,9,1593,1.0,1.0,9,1593,1.0,1.0,9,1593,1.0,1.0
226,235,8,1601,0,807,0.504,0.0,8,1366,0.853,1.0,8,1519,0.949,1.0,8,1593,0.995,1.0,8,1601,1.0,1.0,8,1601,1.0,1.0,8,1601,1.0,1.0
227,236,4,1605,2,809,0.504,0.5,3,1369,0.853,0.75,3,1522,0.948,0.75,4,1597,0.995,1.0,4,1605,1.0,1.0,4,1605,1.0,1.0,4,1605,1.0,1.0
228,237,4,1609,3,812,0.505,0.75,4,1373,0.853,1.0,4,1526,0.948,1.0,4,1601,0.995,1.0,4,1609,1.0,1.0,4,1609,1.0,1.0,4,1609,1.0,1.0
229,238,5,1614,1,813,0.504,0.2,5,1378,0.854,1.0,5,1531,0.949,1.0,5,1606,0.995,1.0,5,1614,1.0,1.0,5,1614,1.0,1.0,5,1614,1.0,1.0
230,239,2,1616,1,814,0.504,0.5,2,1380,0.854,1.0,2,1533,0.949,1.0,2,1608,0.995,1.0,2,1616,1.0,1.0,2,1616,1.0,1.0,2,1616,1.0,1.0
231,240,1,1617,0,814,0.503,0.0,1,1381,0.854,1.0,1,1534,0.949,1.0,1,1609,0.995,1.0,1,1617,1.0,1.0,1,1617,1.0,1.0,1,1617,1.0,1.0
232,241,8,1625,3,817,0.503,0.375,5,1386,0.853,0.625,7,1541,0.948,0.875,8,1617,0.995,1.0,8,1625,1.0,1.0,8,1625,1.0,1.0,8,1625,1.0,1.0
233,242,2,1627,2,819,0.503,1.0,2,1388,0.853,1.0,2,1543,0.948,1.0,2,1619,0.995,1.0,2,1627,1.0,1.0,2,1627,1.0,1.0,2,1627,1.0,1.0
234,243,3,1630,2,821,0.504,0.667,3,1391,0.853,1.0,3,1546,0.948,1.0,3,1622,0.995,1.0,3,1630,1.0,1.0,3,1630,1.0,1.0,3,1630,1.0,1.0
235,244,4,1634,2,823,0.504,0.5,4,1395,0.854,1.0,4,1550,0.949,1.0,4,1626,0.995,1.0,4,1634,1.0,1.0,4,1634,1.0,1.0,4,1634,1.0,1.0
236,245,2,1636,0,823,0.503,0.0,1,1396,0.853,0.5,1,1551,0.948,0.5,2,1628,0.995,1.0,2,1636,1.0,1.0,2,1636,1.0,1.0,2,1636,1.0,1.0
237,246,6,1642,3,826,0.503,0.5,4,1400,0.853,0.667,6,1557,0.948,1.0,6,1634,0.995,1.0,6,1642,1.0,1.0,6,1642,1.0,1.0,6,1642,1.0,1.0
238,247,1,1643,0,826,0.503,0.0,1,1401,0.853,1.0,1,1558,0.948,1.0,1,1635,0.995,1.0,1,1643,1.0,1.0,1,1643,1.0,1.0,1,1643,1.0,1.0
239,248,2,1645,0,826,0.502,0.0,2,1403,0.853,1.0,2,1560,0.948,1.0,2,1637,0.995,1.0,2,1645,1.0,1.0,2,1645,1.0,1.0,2,1645,1.0,1.0
240,249,3,1648,3,829,0.503,1.0,3,1406,0.853,1.0,3,1563,0.948,1.0,3,1640,0.995,1.0,3,1648,1.0,1.0,3,1648,1.0,1.0,3,1648,1.0,1.0
241,250,1,1649,1,830,0.503,1.0,1,1407,0.853,1.0,1,1564,0.948,1.0,1,1641,0.995,1.0,1,1649,1.0,1.0,1,1649,1.0,1.0,1,1649,1.0,1.0
242,252,3,1652,0,830,0.502,0.0,2,1409,0.853,0.667,2,1566,0.948,0.667,3,1644,0.995,1.0,3,1652,1.0,1.0,3,1652,1.0,1.0,3,1652,1.0,1.0
243,253,4,1656,1,831,0.502,0.25,4,1413,0.853,1.0,4,1570,0.948,1.0,4,1648,0.995,1.0,4,1656,1.0,1.0,4,1656,1.0,1.0,4,1656,1.0,1.0
244,254,4,1660,0,831,0.501,0.0,3,1416,0.853,0.75,3,1573,0.948,0.75,4,1652,0.995,1.0,4,1660,1.0,1.0,4,1660,1.0,1.0,4,1660,1.0,1.0
245,256,2,1662,0,831,0.5,0.0,1,1417,0.853,0.5,1,1574,0.947,0.5,2,1654,0.995,1.0,2,1662,1.0,1.0,2,1662,1.0,1.0,2,1662,1.0,1.0
246,257,3,1665,2,833,0.5,0.667,3,1420,0.853,1.0,3,1577,0.947,1.0,3,1657,0.995,1.0,3,1665,1.0,1.0,3,1665,1.0,1.0,3,1665,1.0,1.0
247,258,4,1669,2,835,0.5,0.5,4,1424,0.853,1.0,4,1581,0.947,1.0,4,1661,0.995,1.0,4,1669,1.0,1.0,4,1669,1.0,1.0,4,1669,1.0,1.0
248,259,2,1671,0,835,0.5,0.0,2,1426,0.853,1.0,2,1583,0.947,1.0,2,1663,0.995,1.0,2,1671,1.0,1.0,2,1671,1.0,1.0,2,1671,1.0,1.0
249,260,3,1674,1,836,0.499,0.333,3,1429,0.854,1.0,3,1586,0.947,1.0,3,1666,0.995,1.0,3,1674,1.0,1.0,3,1674,1.0,1.0,3,1674,1.0,1.0
250,261,1,1675,0,836,0.499,0.0,1,1430,0.854,1.0,1,1587,0.947,1.0,1,1667,0.995,1.0,1,1675,1.0,1.0,1,1675,1.0,1.0,1,1675,1.0,1.0
251,262,4,1679,0,836,0.498,0.0,3,1433,0.853,0.75,3,1590,0.947,0.75,4,1671,0.995,1.0,4,1679,1.0,1.0,4,1679,1.0,1.0,4,1679,1.0,1.0
252,264,1,1680,1,837,0.498,1.0,1,1434,0.854,1.0,1,1591,0.947,1.0,1,1672,0.995,1.0,1,1680,1.0,1.0,1,1680,1.0,1.0,1,1680,1.0,1.0
253,265,2,1682,1,838,0.498,0.5,2,1436,0.854,1.0,2,1593,0.947,1.0,2,1674,0.995,1.0,2,1682,1.0,1.0,2,1682,1.0,1.0,2,1682,1.0,1.0
254,266,1,1683,0,838,0.498,0.0,1,1437,0.854,1.0,1,1594,0.947,1.0,1,1675,0.995,1.0,1,1683,1.0,1.0,1,1683,1.0,1.0,1,1683,1.0,1.0
255,267,1,1684,1,839,0.498,1.0,1,1438,0.854,1.0,1,1595,0.947,1.0,1,1676,0.995,1.0,1,1684,1.0,1.0,1,1684,1.0,1.0,1,1684,1.0,1.0
256,268,2,1686,1,840,0.498,0.5,1,1439,0.853,0.5,1,1596,0.947,0.5,2,1678,0.995,1.0,2,1686,1.0,1.0,2,1686,1.0,1.0,2,1686,1.0,1.0
257,269,1,1687,0,840,0.498,0.0,1,1440,0.854,1.0,1,1597,0.947,1.0,1,1679,0.995,1.0,1,1687,1.0,1.0,1,1687,1.0,1.0,1,1687,1.0,1.0
258,271,1,1688,0,840,0.498,0.0,1,1441,0.854,1.0,1,1598,0.947,1.0,1,1680,0.995,1.0,1,1688,1.0,1.0,1,1688,1.0,1.0,1,1688,1.0,1.0
259,272,3,1691,1,841,0.497,0.333,3,1444,0.854,1.0,3,1601,0.947,1.0,3,1683,0.995,1.0,3,1691,1.0,1.0,3,1691,1.0,1.0,3,1691,1.0,1.0
260,273,2,1693,0,841,0.497,0.0,2,1446,0.854,1.0,2,1603,0.947,1.0,2,1685,0.995,1.0,2,1693,1.0,1.0,2,1693,1.0,1.0,2,1693,1.0,1.0
261,274,3,1696,2,843,0.497,0.667,3,1449,0.854,1.0,3,1606,0.947,1.0,3,1688,0.995,1.0,3,1696,1.0,1.0,3,1696,1.0,1.0,3,1696,1.0,1.0
262,275,1,1697,0,843,0.497,0.0,1,1450,0.854,1.0,1,1607,0.947,1.0,1,1689,0.995,1.0,1,1697,1.0,1.0,1,1697,1.0,1.0,1,1697,1.0,1.0
263,276,2,1699,1,844,0.497,0.5,2,1452,0.855,1.0,2,1609,0.947,1.0,2,1691,0.995,1.0,2,1699,1.0,1.0,2,1699,1.0,1.0,2,1699,1.0,1.0
264,277,1,1700,0,844,0.496,0.0,0,1452,0.854,0.0,1,1610,0.947,1.0,1,1692,0.995,1.0,1,1700,1.0,1.0,1,1700,1.0,1.0,1,1700,1.0,1.0
265,278,3,1703,1,845,0.496,0.333,2,1454,0.854,0.667,3,1613,0.947,1.0,3,1695,0.995,1.0,3,1703,1.0,1.0,3,1703,1.0,1.0,3,1703,1.0,1.0
266,279,3,1706,1,846,0.496,0.333,3,1457,0.854,1.0,3,1616,0.947,1.0,3,1698,0.995,1.0,3,1706,1.0,1.0,3,1706,1.0,1.0,3,1706,1.0,1.0
267,280,1,1707,1,847,0.496,1.0,1,1458,0.854,1.0,1,1617,0.947,1.0,1,1699,0.995,1.0,1,1707,1.0,1.0,1,1707,1.0,1.0,1,1707,1.0,1.0
268,281,2,1709,2,849,0.497,1.0,2,1460,0.854,1.0,2,1619,0.947,1.0,2,1701,0.995,1.0,2,1709,1.0,1.0,2,1709,1.0,1.0,2,1709,1.0,1.0
269,282,4,1713,2,851,0.497,0.5,3,1463,0.854,0.75,4,1623,0.947,1.0,4,1705,0.995,1.0,4,1713,1.0,1.0,4,1713,1.0,1.0,4,1713,1.0,1.0
270,284,2,1715,2,853,0.497,1.0,2,1465,0.854,1.0,2,1625,0.948,1.0,2,1707,0.995,1.0,2,1715,1.0,1.0,2,1715,1.0,1.0,2,1715,1.0,1.0
271,285,3,1718,1,854,0.497,0.333,3,1468,0.854,1.0,3,1628,0.948,1.0,3,1710,0.995,1.0,3,1718,1.0,1.0,3,1718,1.0,1.0,3,1718,1.0,1.0
272,286,4,1722,3,857,0.498,0.75,4,1472,0.855,1.0,4,1632,0.948,1.0,4,1714,0.995,1.0,4,1722,1.0,1.0,4,1722,1.0,1.0,4,1722,1.0,1.0
273,288,2,1724,0,857,0.497,0.0,1,1473,0.854,0.5,1,1633,0.947,0.5,2,1716,0.995,1.0,2,1724,1.0,1.0,2,1724,1.0,1.0,2,1724,1.0,1.0
274,289,5,1729,3,860,0.497,0.6,5,1478,0.855,1.0,5,1638,0.947,1.0,5,1721,0.995,1.0,5,1729,1.0,1.0,5,1729,1.0,1.0,5,1729,1.0,1.0
275,290,1,1730,1,861,0.498,1.0,1,1479,0.855,1.0,1,1639,0.947,1.0,1,1722,0.995,1.0,1,1730,1.0,1.0,1,1730,1.0,1.0,1,1730,1.0,1.0
276,291,2,1732,0,861,0.497,0.0,2,1481,0.855,1.0,2,1641,0.947,1.0,2,1724,0.995,1.0,2,1732,1.0,1.0,2,1732,1.0,1.0,2,1732,1.0,1.0
277,292,3,1735,1,862,0.497,0.333,3,1484,0.855,1.0,3,1644,0.948,1.0,3,1727,0.995,1.0,3,1735,1.0,1.0,3,1735,1.0,1.0,3,1735,1.0,1.0
278,293,3,1738,1,863,0.497,0.333,1,1485,0.854,0.333,2,1646,0.947,0.667,2,1729,0.995,0.667,3,1738,1.0,1.0,3,1738,1.0,1.0,3,1738,1.0,1.0
279,294,1,1739,1,864,0.497,1.0,1,1486,0.855,1.0,1,1647,0.947,1.0,1,1730,0.995,1.0,1,1739,1.0,1.0,1,1739,1.0,1.0,1,1739,1.0,1.0
280,296,2,1741,1,865,0.497,0.5,2,1488,0.855,1.0,2,1649,0.947,1.0,2,1732,0.995,1.0,2,1741,1.0,1.0,2,1741,1.0,1.0,2,1741,1.0,1.0
281,297,1,1742,1,866,0.497,1.0,1,1489,0.855,1.0,1,1650,0.947,1.0,1,1733,0.995,1.0,1,1742,1.0,1.0,1,1742,1.0,1.0,1,1742,1.0,1.0
282,298,2,1744,1,867,0.497,0.5,2,1491,0.855,1.0,2,1652,0.947,1.0,2,1735,0.995,1.0,2,1744,1.0,1.0,2,1744,1.0,1.0,2,1744,1.0,1.0
283,299,1,1745,0,867,0.497,0.0,1,1492,0.855,1.0,1,1653,0.947,1.0,1,1736,0.995,1.0,1,1745,1.0,1.0,1,1745,1.0,1.0,1,1745,1.0,1.0
284,300,2,1747,1,868,0.497,0.5,2,1494,0.855,1.0,2,1655,0.947,1.0,2,1738,0.995,1.0,2,1747,1.0,1.0,2,1747,1.0,1.0,2,1747,1.0,1.0
285,301,2,1749,0,868,0.496,0.0,1,1495,0.855,0.5,1,1656,0.947,0.5,1,1739,0.994,0.5,1,1748,0.999,0.5,2,1749,1.0,1.0,2,1749,1.0,1.0
286,302,2,1751,2,870,0.497,1.0,2,1497,0.855,1.0,2,1658,0.947,1.0,2,1741,0.994,1.0,2,1750,0.999,1.0,2,1751,1.0,1.0,2,1751,1.0,1.0
287,303,2,1753,2,872,0.497,1.0,2,1499,0.855,1.0,2,1660,0.947,1.0,2,1743,0.994,1.0,2,1752,0.999,1.0,2,1753,1.0,1.0,2,1753,1.0,1.0
288,306,3,1756,1,873,0.497,0.333,3,1502,0.855,1.0,3,1663,0.947,1.0,3,1746,0.994,1.0,3,1755,0.999,1.0,3,1756,1.0,1.0,3,1756,1.0,1.0
289,307,1,1757,0,873,0.497,0.0,1,1503,0.855,1.0,1,1664,0.947,1.0,1,1747,0.994,1.0,1,1756,0.999,1.0,1,1757,1.0,1.0,1,1757,1.0,1.0
290,308,1,1758,0,873,0.497,0.0,1,1504,0.856,1.0,1,1665,0.947,1.0,1,1748,0.994,1.0,1,1757,0.999,1.0,1,1758,1.0,1.0,1,1758,1.0,1.0
291,309,3,1761,1,874,0.496,0.333,3,1507,0.856,1.0,3,1668,0.947,1.0,3,1751,0.994,1.0,3,1760,0.999,1.0,3,1761,1.0,1.0,3,1761,1.0,1.0
292,310,1,1762,0,874,0.496,0.0,1,1508,0.856,1.0,1,1669,0.947,1.0,1,1752,0.994,1.0,1,1761,0.999,1.0,1,1762,1.0,1.0,1,1762,1.0,1.0
293,311,1,1763,1,875,0.496,1.0,1,1509,0.856,1.0,1,1670,0.947,1.0,1,1753,0.994,1.0,1,1762,0.999,1.0,1,1763,1.0,1.0,1,1763,1.0,1.0
294,313,2,1765,2,877,0.497,1.0,2,1511,0.856,1.0,2,1672,0.947,1.0,2,1755,0.994,1.0,2,1764,0.999,1.0,2,1765,1.0,1.0,2,1765,1.0,1.0
295,315,2,1767,1,878,0.497,0.5,1,1512,0.856,0.5,2,1674,0.947,1.0,2,1757,0.994,1.0,2,1766,0.999,1.0,2,1767,1.0,1.0,2,1767,1.0,1.0
296,316,1,1768,0,878,0.497,0.0,1,1513,0.856,1.0,1,1675,0.947,1.0,1,1758,0.994,1.0,1,1767,0.999,1.0,1,1768,1.0,1.0,1,1768,1.0,1.0
297,317,2,1770,0,878,0.496,0.0,1,1514,0.855,0.5,2,1677,0.947,1.0,2,1760,0.994,1.0,2,1769,0.999,1.0,2,1770,1.0,1.0,2,1770,1.0,1.0
298,318,2,1772,1,879,0.496,0.5,2,1516,0.856,1.0,2,1679,0.948,1.0,2,1762,0.994,1.0,2,1771,0.999,1.0,2,1772,1.0,1.0,2,1772,1.0,1.0
299,319,1,1773,1,880,0.496,1.0,1,1517,0.856,1.0,1,1680,0.948,1.0,1,1763,0.994,1.0,1,1772,0.999,1.0,1,1773,1.0,1.0,1,1773,1.0,1.0
300,320,2,1775,0,880,0.496,0.0,2,1519,0.856,1.0,2,1682,0.948,1.0,2,1765,0.994,1.0,2,1774,0.999,1.0,2,1775,1.0,1.0,2,1775,1.0,1.0
301,321,1,1776,1,881,0.496,1.0,1,1520,0.856,1.0,1,1683,0.948,1.0,1,1766,0.994,1.0,1,1775,0.999,1.0,1,1776,1.0,1.0,1,1776,1.0,1.0
302,322,2,1778,1,882,0.496,0.5,2,1522,0.856,1.0,2,1685,0.948,1.0,2,1768,0.994,1.0,2,1777,0.999,1.0,2,1778,1.0,1.0,2,1778,1.0,1.0
303,323,2,1780,1,883,0.496,0.5,1,1523,0.856,0.5,1,1686,0.947,0.5,1,1769,0.994,0.5,2,1779,0.999,1.0,2,1780,1.0,1.0,2,1780,1.0,1.0
304,326,1,1781,1,884,0.496,1.0,1,1524,0.856,1.0,1,1687,0.947,1.0,1,1770,0.994,1.0,1,1780,0.999,1.0,1,1781,1.0,1.0,1,1781,1.0,1.0
305,327,2,1783,0,884,0.496,0.0,2,1526,0.856,1.0,2,1689,0.947,1.0,2,1772,0.994,1.0,2,1782,0.999,1.0,2,1783,1.0,1.0,2,1783,1.0,1.0
306,328,2,1785,0,884,0.495,0.0,1,1527,0.855,0.5,2,1691,0.947,1.0,2,1774,0.994,1.0,2,1784,0.999,1.0,2,1785,1.0,1.0,2,1785,1.0,1.0
307,331,2,1787,2,886,0.496,1.0,2,1529,0.856,1.0,2,1693,0.947,1.0,2,1776,0.994,1.0,2,1786,0.999,1.0,2,1787,1.0,1.0,2,1787,1.0,1.0
308,332,1,1788,1,887,0.496,1.0,1,1530,0.856,1.0,1,1694,0.947,1.0,1,1777,0.994,1.0,1,1787,0.999,1.0,1,1788,1.0,1.0,1,1788,1.0,1.0
309,333,1,1789,1,888,0.496,1.0,1,1531,0.856,1.0,1,1695,0.947,1.0,1,1778,0.994,1.0,1,1788,0.999,1.0,1,1789,1.0,1.0,1,1789,1.0,1.0
310,334,2,1791,2,890,0.497,1.0,2,1533,0.856,1.0,2,1697,0.948,1.0,2,1780,0.994,1.0,2,1790,0.999,1.0,2,1791,1.0,1.0,2,1791,1.0,1.0
311,335,1,1792,1,891,0.497,1.0,1,1534,0.856,1.0,1,1698,0.948,1.0,1,1781,0.994,1.0,1,1791,0.999,1.0,1,1792,1.0,1.0,1,1792,1.0,1.0
312,336,1,1793,0,891,0.497,0.0,1,1535,0.856,1.0,1,1699,0.948,1.0,1,1782,0.994,1.0,1,1792,0.999,1.0,1,1793,1.0,1.0,1,1793,1.0,1.0
313,337,2,1795,0,891,0.496,0.0,1,1536,0.856,0.5,2,1701,0.948,1.0,2,1784,0.994,1.0,2,1794,0.999,1.0,2,1795,1.0,1.0,2,1795,1.0,1.0
314,338,2,1797,1,892,0.496,0.5,2,1538,0.856,1.0,2,1703,0.948,1.0,2,1786,0.994,1.0,2,1796,0.999,1.0,2,1797,1.0,1.0,2,1797,1.0,1.0
315,339,2,1799,1,893,0.496,0.5,2,1540,0.856,1.0,2,1705,0.948,1.0,2,1788,0.994,1.0,2,1798,0.999,1.0,2,1799,1.0,1.0,2,1799,1.0,1.0
316,340,1,1800,1,894,0.497,1.0,1,1541,0.856,1.0,1,1706,0.948,1.0,1,1789,0.994,1.0,1,1799,0.999,1.0,1,1800,1.0,1.0,1,1800,1.0,1.0
317,341,2,1802,1,895,0.497,0.5,2,1543,0.856,1.0,2,1708,0.948,1.0,2,1791,0.994,1.0,2,1801,0.999,1.0,2,1802,1.0,1.0,2,1802,1.0,1.0
318,342,1,1803,0,895,0.496,0.0,1,1544,0.856,1.0,1,1709,0.948,1.0,1,1792,0.994,1.0,1,1802,0.999,1.0,1,1803,1.0,1.0,1,1803,1.0,1.0
319,343,3,1806,0,895,0.496,0.0,3,1547,0.857,1.0,3,1712,0.948,1.0,3,1795,0.994,1.0,3,1805,0.999,1.0,3,1806,1.0,1.0,3,1806,1.0,1.0
320,345,3,1809,2,897,0.496,0.667,3,1550,0.857,1.0,3,1715,0.948,1.0,3,1798,0.994,1.0,3,1808,0.999,1.0,3,1809,1.0,1.0,3,1809,1.0,1.0
321,346,1,1810,1,898,0.496,1.0,1,1551,0.857,1.0,1,1716,0.948,1.0,1,1799,0.994,1.0,1,1809,0.999,1.0,1,1810,1.0,1.0,1,1810,1.0,1.0
322,347,1,1811,0,898,0.496,0.0,1,1552,0.857,1.0,1,1717,0.948,1.0,1,1800,0.994,1.0,1,1810,0.999,1.0,1,1811,1.0,1.0,1,1811,1.0,1.0
323,348,2,1813,2,900,0.496,1.0,2,1554,0.857,1.0,2,1719,0.948,1.0,2,1802,0.994,1.0,2,1812,0.999,1.0,2,1813,1.0,1.0,2,1813,1.0,1.0
324,350,1,1814,1,901,0.497,1.0,1,1555,0.857,1.0,1,1720,0.948,1.0,1,1803,0.994,1.0,1,1813,0.999,1.0,1,1814,1.0,1.0,1,1814,1.0,1.0
325,351,2,1816,1,902,0.497,0.5,1,1556,0.857,0.5,2,1722,0.948,1.0,2,1805,0.994,1.0,2,1815,0.999,1.0,2,1816,1.0,1.0,2,1816,1.0,1.0
326,352,2,1818,0,902,0.496,0.0,0,1556,0.856,0.0,1,1723,0.948,0.5,1,1806,0.993,0.5,1,1816,0.999,0.5,1,1817,0.999,0.5,1,1817,0.999,0.5
327,354,1,1819,0,902,0.496,0.0,0,1556,0.855,0.0,1,1724,0.948,1.0,1,1807,0.993,1.0,1,1817,0.999,1.0,1,1818,0.999,1.0,1,1818,0.999,1.0
328,355,2,1821,1,903,0.496,0.5,2,1558,0.856,1.0,2,1726,0.948,1.0,2,1809,0.993,1.0,2,1819,0.999,1.0,2,1820,0.999,1.0,2,1820,0.999,1.0
329,356,1,1822,0,903,0.496,0.0,1,1559,0.856,1.0,1,1727,0.948,1.0,1,1810,0.993,1.0,1,1820,0.999,1.0,1,1821,0.999,1.0,1,1821,0.999,1.0
330,357,1,1823,0,903,0.495,0.0,0,1559,0.855,0.0,1,1728,0.948,1.0,1,1811,0.993,1.0,1,1821,0.999,1.0,1,1822,0.999,1.0,1,1822,0.999,1.0
331,358,1,1824,0,903,0.495,0.0,1,1560,0.855,1.0,1,1729,0.948,1.0,1,1812,0.993,1.0,1,1822,0.999,1.0,1,1823,0.999,1.0,1,1823,0.999,1.0
332,359,1,1825,1,904,0.495,1.0,1,1561,0.855,1.0,1,1730,0.948,1.0,1,1813,0.993,1.0,1,1823,0.999,1.0,1,1824,0.999,1.0,1,1824,0.999,1.0
333,360,1,1826,1,905,0.496,1.0,1,1562,0.855,1.0,1,1731,0.948,1.0,1,1814,0.993,1.0,1,1824,0.999,1.0,1,1825,0.999,1.0,1,1825,0.999,1.0
334,364,2,1828,1,906,0.496,0.5,2,1564,0.856,1.0,2,1733,0.948,1.0,2,1816,0.993,1.0,2,1826,0.999,1.0,2,1827,0.999,1.0,2,1827,0.999,1.0
335,365,1,1829,1,907,0.496,1.0,1,1565,0.856,1.0,1,1734,0.948,1.0,1,1817,0.993,1.0,1,1827,0.999,1.0,1,1828,0.999,1.0,1,1828,0.999,1.0
336,367,1,1830,0,907,0.496,0.0,1,1566,0.856,1.0,1,1735,0.948,1.0,1,1818,0.993,1.0,1,1828,0.999,1.0,1,1829,0.999,1.0,1,1829,0.999,1.0
337,368,1,1831,0,907,0.495,0.0,0,1566,0.855,0.0,1,1736,0.948,1.0,1,1819,0.993,1.0,1,1829,0.999,1.0,1,1830,0.999,1.0,1,1830,0.999,1.0
338,369,1,1832,1,908,0.496,1.0,1,1567,0.855,1.0,1,1737,0.948,1.0,1,1820,0.993,1.0,1,1830,0.999,1.0,1,1831,0.999,1.0,1,1831,0.999,1.0
339,370,1,1833,0,908,0.495,0.0,1,1568,0.855,1.0,1,1738,0.948,1.0,1,1821,0.993,1.0,1,1831,0.999,1.0,1,1832,0.999,1.0,1,1832,0.999,1.0
340,372,1,1834,0,908,0.495,0.0,1,1569,0.856,1.0,1,1739,0.948,1.0,1,1822,0.993,1.0,1,1832,0.999,1.0,1,1833,0.999,1.0,1,1833,0.999,1.0
341,377,3,1837,1,909,0.495,0.333,3,1572,0.856,1.0,3,1742,0.948,1.0,3,1825,0.993,1.0,3,1835,0.999,1.0,3,1836,0.999,1.0,3,1836,0.999,1.0
342,378,1,1838,1,910,0.495,1.0,1,1573,0.856,1.0,1,1743,0.948,1.0,1,1826,0.993,1.0,1,1836,0.999,1.0,1,1837,0.999,1.0,1,1837,0.999,1.0
343,379,2,1840,0,910,0.495,0.0,1,1574,0.855,0.5,1,1744,0.948,0.5,2,1828,0.993,1.0,2,1838,0.999,1.0,2,1839,0.999,1.0,2,1839,0.999,1.0
344,382,2,1842,0,910,0.494,0.0,1,1575,0.855,0.5,1,1745,0.947,0.5,2,1830,0.993,1.0,2,1840,0.999,1.0,2,1841,0.999,1.0,2,1841,0.999,1.0
345,383,1,1843,0,910,0.494,0.0,1,1576,0.855,1.0,1,1746,0.947,1.0,1,1831,0.993,1.0,1,1841,0.999,1.0,1,1842,0.999,1.0,1,1842,0.999,1.0
346,384,2,1845,1,911,0.494,0.5,2,1578,0.855,1.0,2,1748,0.947,1.0,2,1833,0.993,1.0,2,1843,0.999,1.0,2,1844,0.999,1.0,2,1844,0.999,1.0
347,387,1,1846,0,911,0.493,0.0,1,1579,0.855,1.0,1,1749,0.947,1.0,1,1834,0.993,1.0,1,1844,0.999,1.0,1,1845,0.999,1.0,1,1845,0.999,1.0
348,388,1,1847,1,912,0.494,1.0,1,1580,0.855,1.0,1,1750,0.947,1.0,1,1835,0.994,1.0,1,1845,0.999,1.0,1,1846,0.999,1.0,1,1846,0.999,1.0
349,390,1,1848,1,913,0.494,1.0,1,1581,0.856,1.0,1,1751,0.948,1.0,1,1836,0.994,1.0,1,1846,0.999,1.0,1,1847,0.999,1.0,1,1847,0.999,1.0
350,391,1,1849,0,913,0.494,0.0,0,1581,0.855,0.0,1,1752,0.948,1.0,1,1837,0.994,1.0,1,1847,0.999,1.0,1,1848,0.999,1.0,1,1848,0.999,1.0
351,393,1,1850,1,914,0.494,1.0,1,1582,0.855,1.0,1,1753,0.948,1.0,1,1838,0.994,1.0,1,1848,0.999,1.0,1,1849,0.999,1.0,1,1849,0.999,1.0
352,395,1,1851,1,915,0.494,1.0,1,1583,0.855,1.0,1,1754,0.948,1.0,1,1839,0.994,1.0,1,1849,0.999,1.0,1,1850,0.999,1.0,1,1850,0.999,1.0
353,397,1,1852,0,915,0.494,0.0,1,1584,0.855,1.0,1,1755,0.948,1.0,1,1840,0.994,1.0,1,1850,0.999,1.0,1,1851,0.999,1.0,1,1851,0.999,1.0
354,398,2,1854,1,916,0.494,0.5,2,1586,0.855,1.0,2,1757,0.948,1.0,2,1842,0.994,1.0,2,1852,0.999,1.0,2,1853,0.999,1.0,2,1853,0.999,1.0
355,400,2,1856,0,916,0.494,0.0,2,1588,0.856,1.0,2,1759,0.948,1.0,2,1844,0.994,1.0,2,1854,0.999,1.0,2,1855,0.999,1.0,2,1855,0.999,1.0
356,401,1,1857,1,917,0.494,1.0,1,1589,0.856,1.0,1,1760,0.948,1.0,1,1845,0.994,1.0,1,1855,0.999,1.0,1,1856,0.999,1.0,1,1856,0.999,1.0
357,403,1,1858,1,918,0.494,1.0,1,1590,0.856,1.0,1,1761,0.948,1.0,1,1846,0.994,1.0,1,1856,0.999,1.0,1,1857,0.999,1.0,1,1857,0.999,1.0
358,404,2,1860,2,920,0.495,1.0,2,1592,0.856,1.0,2,1763,0.948,1.0,2,1848,0.994,1.0,2,1858,0.999,1.0,2,1859,0.999,1.0,2,1859,0.999,1.0
359,406,2,1862,0,920,0.494,0.0,2,1594,0.856,1.0,2,1765,0.948,1.0,2,1850,0.994,1.0,2,1860,0.999,1.0,2,1861,0.999,1.0,2,1861,0.999,1.0
360,407,2,1864,1,921,0.494,0.5,2,1596,0.856,1.0,2,1767,0.948,1.0,2,1852,0.994,1.0,2,1862,0.999,1.0,2,1863,0.999,1.0,2,1863,0.999,1.0
361,409,1,1865,0,921,0.494,0.0,0,1596,0.856,0.0,1,1768,0.948,1.0,1,1853,0.994,1.0,1,1863,0.999,1.0,1,1864,0.999,1.0,1,1864,0.999,1.0
362,416,1,1866,0,921,0.494,0.0,1,1597,0.856,1.0,1,1769,0.948,1.0,1,1854,0.994,1.0,1,1864,0.999,1.0,1,1865,0.999,1.0,1,1865,0.999,1.0
363,417,1,1867,0,921,0.493,0.0,1,1598,0.856,1.0,1,1770,0.948,1.0,1,1855,0.994,1.0,1,1865,0.999,1.0,1,1866,0.999,1.0,1,1866,0.999,1.0
364,418,1,1868,0,921,0.493,0.0,1,1599,0.856,1.0,1,1771,0.948,1.0,1,1856,0.994,1.0,1,1866,0.999,1.0,1,1867,0.999,1.0,1,1867,0.999,1.0
365,422,1,1869,1,922,0.493,1.0,1,1600,0.856,1.0,1,1772,0.948,1.0,1,1857,0.994,1.0,1,1867,0.999,1.0,1,1868,0.999,1.0,1,1868,0.999,1.0
366,424,1,1870,0,922,0.493,0.0,1,1601,0.856,1.0,1,1773,0.948,1.0,1,1858,0.994,1.0,1,1868,0.999,1.0,1,1869,0.999,1.0,1,1869,0.999,1.0
367,431,1,1871,0,922,0.493,0.0,1,1602,0.856,1.0,1,1774,0.948,1.0,1,1859,0.994,1.0,1,1869,0.999,1.0,1,1870,0.999,1.0,1,1870,0.999,1.0
368,434,1,1872,1,923,0.493,1.0,1,1603,0.856,1.0,1,1775,0.948,1.0,1,1860,0.994,1.0,1,1870,0.999,1.0,1,1871,0.999,1.0,1,1871,0.999,1.0
369,437,2,1874,2,925,0.494,1.0,2,1605,0.856,1.0,2,1777,0.948,1.0,2,1862,0.994,1.0,2,1872,0.999,1.0,2,1873,0.999,1.0,2,1873,0.999,1.0
370,438,1,1875,0,925,0.493,0.0,1,1606,0.857,1.0,1,1778,0.948,1.0,1,1863,0.994,1.0,1,1873,0.999,1.0,1,1874,0.999,1.0,1,1874,0.999,1.0
371,439,1,1876,0,925,0.493,0.0,1,1607,0.857,1.0,1,1779,0.948,1.0,1,1864,0.994,1.0,1,1874,0.999,1.0,1,1875,0.999,1.0,1,1875,0.999,1.0
372,442,2,1878,1,926,0.493,0.5,2,1609,0.857,1.0,2,1781,0.948,1.0,2,1866,0.994,1.0,2,1876,0.999,1.0,2,1877,0.999,1.0,2,1877,0.999,1.0
373,443,1,1879,1,927,0.493,1.0,1,1610,0.857,1.0,1,1782,0.948,1.0,1,1867,0.994,1.0,1,1877,0.999,1.0,1,1878,0.999,1.0,1,1878,0.999,1.0
374,444,1,1880,1,928,0.494,1.0,1,1611,0.857,1.0,1,1783,0.948,1.0,1,1868,0.994,1.0,1,1878,0.999,1.0,1,1879,0.999,1.0,1,1879,0.999,1.0
375,446,2,1882,1,929,0.494,0.5,1,1612,0.857,0.5,2,1785,0.948,1.0,2,1870,0.994,1.0,2,1880,0.999,1.0,2,1881,0.999,1.0,2,1881,0.999,1.0
376,450,1,1883,1,930,0.494,1.0,1,1613,0.857,1.0,1,1786,0.948,1.0,1,1871,0.994,1.0,1,1881,0.999,1.0,1,1882,0.999,1.0,1,1882,0.999,1.0
377,452,1,1884,1,931,0.494,1.0,1,1614,0.857,1.0,1,1787,0.949,1.0,1,1872,0.994,1.0,1,1882,0.999,1.0,1,1883,0.999,1.0,1,1883,0.999,1.0
378,454,1,1885,1,932,0.494,1.0,1,1615,0.857,1.0,1,1788,0.949,1.0,1,1873,0.994,1.0,1,1883,0.999,1.0,1,1884,0.999,1.0,1,1884,0.999,1.0
379,458,1,1886,1,933,0.495,1.0,1,1616,0.857,1.0,1,1789,0.949,1.0,1,1874,0.994,1.0,1,1884,0.999,1.0,1,1885,0.999,1.0,1,1885,0.999,1.0
380,459,1,1887,0,933,0.494,0.0,1,1617,0.857,1.0,1,1790,0.949,1.0,1,1875,0.994,1.0,1,1885,0.999,1.0,1,1886,0.999,1.0,1,1886,0.999,1.0
381,461,1,1888,0,933,0.494,0.0,1,1618,0.857,1.0,1,1791,0.949,1.0,1,1876,0.994,1.0,1,1886,0.999,1.0,1,1887,0.999,1.0,1,1887,0.999,1.0
382,462,1,1889,1,934,0.494,1.0,1,1619,0.857,1.0,1,1792,0.949,1.0,1,1877,0.994,1.0,1,1887,0.999,1.0,1,1888,0.999,1.0,1,1888,0.999,1.0
383,465,1,1890,1,935,0.495,1.0,1,1620,0.857,1.0,1,1793,0.949,1.0,1,1878,0.994,1.0,1,1888,0.999,1.0,1,1889,0.999,1.0,1,1889,0.999,1.0
384,466,1,1891,1,936,0.495,1.0,1,1621,0.857,1.0,1,1794,0.949,1.0,1,1879,0.994,1.0,1,1889,0.999,1.0,1,1890,0.999,1.0,1,1890,0.999,1.0
385,467,1,1892,0,936,0.495,0.0,0,1621,0.857,0.0,1,1795,0.949,1.0,1,1880,0.994,1.0,1,1890,0.999,1.0,1,1891,0.999,1.0,1,1891,0.999,1.0
386,468,2,1894,1,937,0.495,0.5,2,1623,0.857,1.0,2,1797,0.949,1.0,2,1882,0.994,1.0,2,1892,0.999,1.0,2,1893,0.999,1.0,2,1893,0.999,1.0
387,470,2,1896,2,939,0.495,1.0,2,1625,0.857,1.0,2,1799,0.949,1.0,2,1884,0.994,1.0,2,1894,0.999,1.0,2,1895,0.999,1.0,2,1895,0.999,1.0
388,472,1,1897,1,940,0.496,1.0,1,1626,0.857,1.0,1,1800,0.949,1.0,1,1885,0.994,1.0,1,1895,0.999,1.0,1,1896,0.999,1.0,1,1896,0.999,1.0
389,473,1,1898,1,941,0.496,1.0,1,1627,0.857,1.0,1,1801,0.949,1.0,1,1886,0.994,1.0,1,1896,0.999,1.0,1,1897,0.999,1.0,1,1897,0.999,1.0
390,476,1,1899,0,941,0.496,0.0,1,1628,0.857,1.0,1,1802,0.949,1.0,1,1887,0.994,1.0,1,1897,0.999,1.0,1,1898,0.999,1.0,1,1898,0.999,1.0
391,480,2,1901,2,943,0.496,1.0,2,1630,0.857,1.0,2,1804,0.949,1.0,2,1889,0.994,1.0,2,1899,0.999,1.0,2,1900,0.999,1.0,2,1900,0.999,1.0
392,481,1,1902,1,944,0.496,1.0,1,1631,0.858,1.0,1,1805,0.949,1.0,1,1890,0.994,1.0,1,1900,0.999,1.0,1,1901,0.999,1.0,1,1901,0.999,1.0
393,485,1,1903,0,944,0.496,0.0,1,1632,0.858,1.0,1,1806,0.949,1.0,1,1891,0.994,1.0,1,1901,0.999,1.0,1,1902,0.999,1.0,1,1902,0.999,1.0
394,486,2,1905,1,945,0.496,0.5,1,1633,0.857,0.5,2,1808,0.949,1.0,2,1893,0.994,1.0,2,1903,0.999,1.0,2,1904,0.999,1.0,2,1904,0.999,1.0
395,487,1,1906,0,945,0.496,0.0,1,1634,0.857,1.0,1,1809,0.949,1.0,1,1894,0.994,1.0,1,1904,0.999,1.0,1,1905,0.999,1.0,1,1905,0.999,1.0
396,491,1,1907,1,946,0.496,1.0,1,1635,0.857,1.0,1,1810,0.949,1.0,1,1895,0.994,1.0,1,1905,0.999,1.0,1,1906,0.999,1.0,1,1906,0.999,1.0
397,492,1,1908,0,946,0.496,0.0,1,1636,0.857,1.0,1,1811,0.949,1.0,1,1896,0.994,1.0,1,1906,0.999,1.0,1,1907,0.999,1.0,1,1907,0.999,1.0
398,497,1,1909,1,947,0.496,1.0,1,1637,0.858,1.0,1,1812,0.949,1.0,1,1897,0.994,1.0,1,1907,0.999,1.0,1,1908,0.999,1.0,1,1908,0.999,1.0
399,500,2,1911,2,949,0.497,1.0,2,1639,0.858,1.0,2,1814,0.949,1.0,2,1899,0.994,1.0,2,1909,0.999,1.0,2,1910,0.999,1.0,2,1910,0.999,1.0
400,501,1,1912,1,950,0.497,1.0,1,1640,0.858,1.0,1,1815,0.949,1.0,1,1900,0.994,1.0,1,1910,0.999,1.0,1,1911,0.999,1.0,1,1911,0.999,1.0
401,503,1,1913,1,951,0.497,1.0,1,1641,0.858,1.0,1,1816,0.949,1.0,1,1901,0.994,1.0,1,1911,0.999,1.0,1,1912,0.999,1.0,1,1912,0.999,1.0
402,505,1,1914,1,952,0.497,1.0,1,1642,0.858,1.0,1,1817,0.949,1.0,1,1902,0.994,1.0,1,1912,0.999,1.0,1,1913,0.999,1.0,1,1913,0.999,1.0
403,506,2,1916,0,952,0.497,0.0,0,1642,0.857,0.0,1,1818,0.949,0.5,2,1904,0.994,1.0,2,1914,0.999,1.0,2,1915,0.999,1.0,2,1915,0.999,1.0
404,507,1,1917,0,952,0.497,0.0,1,1643,0.857,1.0,1,1819,0.949,1.0,1,1905,0.994,1.0,1,1915,0.999,1.0,1,1916,0.999,1.0,1,1916,0.999,1.0
405,511,1,1918,1,953,0.497,1.0,1,1644,0.857,1.0,1,1820,0.949,1.0,1,1906,0.994,1.0,1,1916,0.999,1.0,1,1917,0.999,1.0,1,1917,0.999,1.0
406,512,1,1919,0,953,0.497,0.0,1,1645,0.857,1.0,1,1821,0.949,1.0,1,1907,0.994,1.0,1,1917,0.999,1.0,1,1918,0.999,1.0,1,1918,0.999,1.0
407,513,1,1920,1,954,0.497,1.0,1,1646,0.857,1.0,1,1822,0.949,1.0,1,1908,0.994,1.0,1,1918,0.999,1.0,1,1919,0.999,1.0,1,1919,0.999,1.0
408,516,1,1921,0,954,0.497,0.0,1,1647,0.857,1.0,1,1823,0.949,1.0,1,1909,0.994,1.0,1,1919,0.999,1.0,1,1920,0.999,1.0,1,1920,0.999,1.0
409,518,1,1922,1,955,0.497,1.0,1,1648,0.857,1.0,1,1824,0.949,1.0,1,1910,0.994,1.0,1,1920,0.999,1.0,1,1921,0.999,1.0,1,1921,0.999,1.0
410,521,1,1923,0,955,0.497,0.0,0,1648,0.857,0.0,0,1824,0.949,0.0,1,1911,0.994,1.0,1,1921,0.999,1.0,1,1922,0.999,1.0,1,1922,0.999,1.0
411,530,1,1924,1,956,0.497,1.0,1,1649,0.857,1.0,1,1825,0.949,1.0,1,1912,0.994,1.0,1,1922,0.999,1.0,1,1923,0.999,1.0,1,1923,0.999,1.0
412,531,1,1925,0,956,0.497,0.0,1,1650,0.857,1.0,1,1826,0.949,1.0,1,1913,0.994,1.0,1,1923,0.999,1.0,1,1924,0.999,1.0,1,1924,0.999,1.0
413,540,1,1926,0,956,0.496,0.0,1,1651,0.857,1.0,1,1827,0.949,1.0,1,1914,0.994,1.0,1,1924,0.999,1.0,1,1925,0.999,1.0,1,1925,0.999,1.0
414,547,1,1927,0,956,0.496,0.0,1,1652,0.857,1.0,1,1828,0.949,1.0,1,1915,0.994,1.0,1,1925,0.999,1.0,1,1926,0.999,1.0,1,1926,0.999,1.0
415,555,1,1928,0,956,0.496,0.0,1,1653,0.857,1.0,1,1829,0.949,1.0,1,1916,0.994,1.0,1,1926,0.999,1.0,1,1927,0.999,1.0,1,1927,0.999,1.0
416,562,1,1929,1,957,0.496,1.0,1,1654,0.857,1.0,1,1830,0.949,1.0,1,1917,0.994,1.0,1,1927,0.999,1.0,1,1928,0.999,1.0,1,1928,0.999,1.0
417,564,1,1930,1,958,0.496,1.0,1,1655,0.858,1.0,1,1831,0.949,1.0,1,1918,0.994,1.0,1,1928,0.999,1.0,1,1929,0.999,1.0,1,1929,0.999,1.0
418,575,1,1931,1,959,0.497,1.0,1,1656,0.858,1.0,1,1832,0.949,1.0,1,1919,0.994,1.0,1,1929,0.999,1.0,1,1930,0.999,1.0,1,1930,0.999,1.0
419,580,1,1932,1,960,0.497,1.0,1,1657,0.858,1.0,1,1833,0.949,1.0,1,1920,0.994,1.0,1,1930,0.999,1.0,1,1931,0.999,1.0,1,1931,0.999,1.0
420,584,1,1933,0,960,0.497,0.0,0,1657,0.857,0.0,0,1833,0.948,0.0,0,1920,0.993,0.0,1,1931,0.999,1.0,1,1932,0.999,1.0,1,1932,0.999,1.0
421,596,1,1934,0,960,0.496,0.0,1,1658,0.857,1.0,1,1834,0.948,1.0,1,1921,0.993,1.0,1,1932,0.999,1.0,1,1933,0.999,1.0,1,1933,0.999,1.0
422,599,1,1935,0,960,0.496,0.0,1,1659,0.857,1.0,1,1835,0.948,1.0,1,1922,0.993,1.0,1,1933,0.999,1.0,1,1934,0.999,1.0,1,1934,0.999,1.0
423,603,1,1936,0,960,0.496,0.0,1,1660,0.857,1.0,1,1836,0.948,1.0,1,1923,0.993,1.0,1,1934,0.999,1.0,1,1935,0.999,1.0,1,1935,0.999,1.0
424,610,1,1937,0,960,0.496,0.0,1,1661,0.858,1.0,1,1837,0.948,1.0,1,1924,0.993,1.0,1,1935,0.999,1.0,1,1936,0.999,1.0,1,1936,0.999,1.0
425,627,1,1938,1,961,0.496,1.0,1,1662,0.858,1.0,1,1838,0.948,1.0,1,1925,0.993,1.0,1,1936,0.999,1.0,1,1937,0.999,1.0,1,1937,0.999,1.0
426,633,1,1939,0,961,0.496,0.0,1,1663,0.858,1.0,1,1839,0.948,1.0,1,1926,0.993,1.0,1,1937,0.999,1.0,1,1938,0.999,1.0,1,1938,0.999,1.0
427,636,1,1940,0,961,0.495,0.0,0,1663,0.857,0.0,1,1840,0.948,1.0,1,1927,0.993,1.0,1,1938,0.999,1.0,1,1939,0.999,1.0,1,1939,0.999,1.0
428,671,1,1941,1,962,0.496,1.0,1,1664,0.857,1.0,1,1841,0.948,1.0,1,1928,0.993,1.0,1,1939,0.999,1.0,1,1940,0.999,1.0,1,1940,0.999,1.0
429,673,1,1942,1,963,0.496,1.0,1,1665,0.857,1.0,1,1842,0.949,1.0,1,1929,0.993,1.0,1,1940,0.999,1.0,1,1941,0.999,1.0,1,1941,0.999,1.0
430,674,1,1943,1,964,0.496,1.0,1,1666,0.857,1.0,1,1843,0.949,1.0,1,1930,0.993,1.0,1,1941,0.999,1.0,1,1942,0.999,1.0,1,1942,0.999,1.0
431,679,1,1944,0,964,0.496,0.0,1,1667,0.858,1.0,1,1844,0.949,1.0,1,1931,0.993,1.0,1,1942,0.999,1.0,1,1943,0.999,1.0,1,1943,0.999,1.0
432,682,1,1945,0,964,0.496,0.0,1,1668,0.858,1.0,1,1845,0.949,1.0,1,1932,0.993,1.0,1,1943,0.999,1.0,1,1944,0.999,1.0,1,1944,0.999,1.0
433,687,1,1946,1,965,0.496,1.0,1,1669,0.858,1.0,1,1846,0.949,1.0,1,1933,0.993,1.0,1,1944,0.999,1.0,1,1945,0.999,1.0,1,1945,0.999,1.0
434,698,1,1947,0,965,0.496,0.0,1,1670,0.858,1.0,1,1847,0.949,1.0,1,1934,0.993,1.0,1,1945,0.999,1.0,1,1946,0.999,1.0,1,1946,0.999,1.0
435,708,1,1948,1,966,0.496,1.0,1,1671,0.858,1.0,1,1848,0.949,1.0,1,1935,0.993,1.0,1,1946,0.999,1.0,1,1947,0.999,1.0,1,1947,0.999,1.0
436,711,1,1949,1,967,0.496,1.0,1,1672,0.858,1.0,1,1849,0.949,1.0,1,1936,0.993,1.0,1,1947,0.999,1.0,1,1948,0.999,1.0,1,1948,0.999,1.0
437,712,1,1950,0,967,0.496,0.0,0,1672,0.857,0.0,1,1850,0.949,1.0,1,1937,0.993,1.0,1,1948,0.999,1.0,1,1949,0.999,1.0,1,1949,0.999,1.0
438,744,1,1951,1,968,0.496,1.0,1,1673,0.858,1.0,1,1851,0.949,1.0,1,1938,0.993,1.0,1,1949,0.999,1.0,1,1950,0.999,1.0,1,1950,0.999,1.0
439,745,1,1952,0,968,0.496,0.0,1,1674,0.858,1.0,1,1852,0.949,1.0,1,1939,0.993,1.0,1,1950,0.999,1.0,1,1951,0.999,1.0,1,1951,0.999,1.0
440,753,1,1953,0,968,0.496,0.0,1,1675,0.858,1.0,1,1853,0.949,1.0,1,1940,0.993,1.0,1,1951,0.999,1.0,1,1952,0.999,1.0,1,1952,0.999,1.0
441,765,1,1954,0,968,0.495,0.0,1,1676,0.858,1.0,1,1854,0.949,1.0,1,1941,0.993,1.0,1,1952,0.999,1.0,1,1953,0.999,1.0,1,1953,0.999,1.0
442,769,1,1955,0,968,0.495,0.0,1,1677,0.858,1.0,1,1855,0.949,1.0,1,1942,0.993,1.0,1,1953,0.999,1.0,1,1954,0.999,1.0,1,1954,0.999,1.0
443,775,1,1956,0,968,0.495,0.0,1,1678,0.858,1.0,1,1856,0.949,1.0,1,1943,0.993,1.0,1,1954,0.999,1.0,1,1955,0.999,1.0,1,1955,0.999,1.0
444,795,1,1957,1,969,0.495,1.0,1,1679,0.858,1.0,1,1857,0.949,1.0,1,1944,0.993,1.0,1,1955,0.999,1.0,1,1956,0.999,1.0,1,1956,0.999,1.0
445,804,1,1958,1,970,0.495,1.0,1,1680,0.858,1.0,1,1858,0.949,1.0,1,1945,0.993,1.0,1,1956,0.999,1.0,1,1957,0.999,1.0,1,1957,0.999,1.0
446,814,1,1959,0,970,0.495,0.0,1,1681,0.858,1.0,1,1859,0.949,1.0,1,1946,0.993,1.0,1,1957,0.999,1.0,1,1958,0.999,1.0,1,1958,0.999,1.0
447,833,1,1960,0,970,0.495,0.0,1,1682,0.858,1.0,1,1860,0.949,1.0,1,1947,0.993,1.0,1,1958,0.999,1.0,1,1959,0.999,1.0,1,1959,0.999,1.0
448,840,1,1961,0,970,0.495,0.0,1,1683,0.858,1.0,1,1861,0.949,1.0,1,1948,0.993,1.0,1,1959,0.999,1.0,1,1960,0.999,1.0,1,1960,0.999,1.0
449,854,1,1962,1,971,0.495,1.0,1,1684,0.858,1.0,1,1862,0.949,1.0,1,1949,0.993,1.0,1,1960,0.999,1.0,1,1961,0.999,1.0,1,1961,0.999,1.0
450,855,1,1963,1,972,0.495,1.0,1,1685,0.858,1.0,1,1863,0.949,1.0,1,1950,0.993,1.0,1,1961,0.999,1.0,1,1962,0.999,1.0,1,1962,0.999,1.0
451,915,1,1964,0,972,0.495,0.0,1,1686,0.858,1.0,1,1864,0.949,1.0,1,1951,0.993,1.0,1,1962,0.999,1.0,1,1963,0.999,1.0,1,1963,0.999,1.0
452,935,1,1965,1,973,0.495,1.0,1,1687,0.859,1.0,1,1865,0.949,1.0,1,1952,0.993,1.0,1,1963,0.999,1.0,1,1964,0.999,1.0,1,1964,0.999,1.0
453,980,1,1966,0,973,0.495,0.0,1,1688,0.859,1.0,1,1866,0.949,1.0,1,1953,0.993,1.0,1,1964,0.999,1.0,1,1965,0.999,1.0,1,1965,0.999,1.0
454,991,1,1967,1,974,0.495,1.0,1,1689,0.859,1.0,1,1867,0.949,1.0,1,1954,0.993,1.0,1,1965,0.999,1.0,1,1966,0.999,1.0,1,1966,0.999,1.0
