,idx,pop_num,pop_cum_num,ID_num_0.68,ID_cum_num_0.68,ID_cum_rate_0.68,ID_rate_0.68,ID_num_0.9,ID_cum_num_0.9,ID_cum_rate_0.9,ID_rate_0.9,ID_num_0.95,ID_cum_num_0.95,ID_cum_rate_0.95,ID_rate_0.95,ID_num_0.99,ID_cum_num_0.99,ID_cum_rate_0.99,ID_rate_0.99,ID_num_0.999,ID_cum_num_0.999,ID_cum_rate_0.999,ID_rate_0.999,ID_num_0.9999,ID_cum_num_0.9999,ID_cum_rate_0.9999,ID_rate_0.9999,ID_num_0.99999,ID_cum_num_0.99999,ID_cum_rate_0.99999,ID_rate_0.99999
0,1,2,2,1,1,0.5,0.5,2,2,1.0,1.0,2,2,1.0,1.0,2,2,1.0,1.0,2,2,1.0,1.0,2,2,1.0,1.0,2,2,1.0,1.0
1,3,2,4,1,2,0.5,0.5,2,4,1.0,1.0,2,4,1.0,1.0,2,4,1.0,1.0,2,4,1.0,1.0,2,4,1.0,1.0,2,4,1.0,1.0
2,4,3,7,3,5,0.714,1.0,3,7,1.0,1.0,3,7,1.0,1.0,3,7,1.0,1.0,3,7,1.0,1.0,3,7,1.0,1.0,3,7,1.0,1.0
3,5,1,8,0,5,0.625,0.0,1,8,1.0,1.0,1,8,1.0,1.0,1,8,1.0,1.0,1,8,1.0,1.0,1,8,1.0,1.0,1,8,1.0,1.0
4,6,1,9,0,5,0.556,0.0,1,9,1.0,1.0,1,9,1.0,1.0,1,9,1.0,1.0,1,9,1.0,1.0,1,9,1.0,1.0,1,9,1.0,1.0
5,7,3,12,2,7,0.583,0.667,3,12,1.0,1.0,3,12,1.0,1.0,3,12,1.0,1.0,3,12,1.0,1.0,3,12,1.0,1.0,3,12,1.0,1.0
6,8,2,14,1,8,0.571,0.5,2,14,1.0,1.0,2,14,1.0,1.0,2,14,1.0,1.0,2,14,1.0,1.0,2,14,1.0,1.0,2,14,1.0,1.0
7,9,3,17,0,8,0.471,0.0,3,17,1.0,1.0,3,17,1.0,1.0,3,17,1.0,1.0,3,17,1.0,1.0,3,17,1.0,1.0,3,17,1.0,1.0
8,10,2,19,2,10,0.526,1.0,2,19,1.0,1.0,2,19,1.0,1.0,2,19,1.0,1.0,2,19,1.0,1.0,2,19,1.0,1.0,2,19,1.0,1.0
9,11,4,23,4,14,0.609,1.0,4,23,1.0,1.0,4,23,1.0,1.0,4,23,1.0,1.0,4,23,1.0,1.0,4,23,1.0,1.0,4,23,1.0,1.0
10,12,2,25,2,16,0.64,1.0,2,25,1.0,1.0,2,25,1.0,1.0,2,25,1.0,1.0,2,25,1.0,1.0,2,25,1.0,1.0,2,25,1.0,1.0
11,13,5,30,4,20,0.667,0.8,4,29,0.967,0.8,4,29,0.967,0.8,5,30,1.0,1.0,5,30,1.0,1.0,5,30,1.0,1.0,5,30,1.0,1.0
12,15,5,35,4,24,0.686,0.8,5,34,0.971,1.0,5,34,0.971,1.0,5,35,1.0,1.0,5,35,1.0,1.0,5,35,1.0,1.0,5,35,1.0,1.0
13,16,3,38,3,27,0.711,1.0,3,37,0.974,1.0,3,37,0.974,1.0,3,38,1.0,1.0,3,38,1.0,1.0,3,38,1.0,1.0,3,38,1.0,1.0
14,17,4,42,2,29,0.69,0.5,3,40,0.952,0.75,3,40,0.952,0.75,4,42,1.0,1.0,4,42,1.0,1.0,4,42,1.0,1.0,4,42,1.0,1.0
15,18,8,50,4,33,0.66,0.5,8,48,0.96,1.0,8,48,0.96,1.0,8,50,1.0,1.0,8,50,1.0,1.0,8,50,1.0,1.0,8,50,1.0,1.0
16,19,7,57,6,39,0.684,0.857,7,55,0.965,1.0,7,55,0.965,1.0,7,57,1.0,1.0,7,57,1.0,1.0,7,57,1.0,1.0,7,57,1.0,1.0
17,20,7,64,7,46,0.719,1.0,7,62,0.969,1.0,7,62,0.969,1.0,7,64,1.0,1.0,7,64,1.0,1.0,7,64,1.0,1.0,7,64,1.0,1.0
18,21,6,70,4,50,0.714,0.667,6,68,0.971,1.0,6,68,0.971,1.0,6,70,1.0,1.0,6,70,1.0,1.0,6,70,1.0,1.0,6,70,1.0,1.0
19,22,5,75,3,53,0.707,0.6,5,73,0.973,1.0,5,73,0.973,1.0,5,75,1.0,1.0,5,75,1.0,1.0,5,75,1.0,1.0,5,75,1.0,1.0
20,23,9,84,7,60,0.714,0.778,9,82,0.976,1.0,9,82,0.976,1.0,9,84,1.0,1.0,9,84,1.0,1.0,9,84,1.0,1.0,9,84,1.0,1.0
21,24,8,92,4,64,0.696,0.5,7,89,0.967,0.875,8,90,0.978,1.0,8,92,1.0,1.0,8,92,1.0,1.0,8,92,1.0,1.0,8,92,1.0,1.0
22,25,5,97,3,67,0.691,0.6,5,94,0.969,1.0,5,95,0.979,1.0,5,97,1.0,1.0,5,97,1.0,1.0,5,97,1.0,1.0,5,97,1.0,1.0
23,26,9,106,7,74,0.698,0.778,8,102,0.962,0.889,8,103,0.972,0.889,9,106,1.0,1.0,9,106,1.0,1.0,9,106,1.0,1.0,9,106,1.0,1.0
24,27,10,116,7,81,0.698,0.7,8,110,0.948,0.8,9,112,0.966,0.9,10,116,1.0,1.0,10,116,1.0,1.0,10,116,1.0,1.0,10,116,1.0,1.0
25,28,10,126,7,88,0.698,0.7,9,119,0.944,0.9,9,121,0.96,0.9,10,126,1.0,1.0,10,126,1.0,1.0,10,126,1.0,1.0,10,126,1.0,1.0
26,29,7,133,5,93,0.699,0.714,7,126,0.947,1.0,7,128,0.962,1.0,7,133,1.0,1.0,7,133,1.0,1.0,7,133,1.0,1.0,7,133,1.0,1.0
27,30,9,142,7,100,0.704,0.778,9,135,0.951,1.0,9,137,0.965,1.0,9,142,1.0,1.0,9,142,1.0,1.0,9,142,1.0,1.0,9,142,1.0,1.0
28,31,13,155,5,105,0.677,0.385,8,143,0.923,0.615,10,147,0.948,0.769,12,154,0.994,0.923,12,154,0.994,0.923,13,155,1.0,1.0,13,155,1.0,1.0
29,32,13,168,7,112,0.667,0.538,11,154,0.917,0.846,12,159,0.946,0.923,13,167,0.994,1.0,13,167,0.994,1.0,13,168,1.0,1.0,13,168,1.0,1.0
30,33,5,173,4,116,0.671,0.8,5,159,0.919,1.0,5,164,0.948,1.0,5,172,0.994,1.0,5,172,0.994,1.0,5,173,1.0,1.0,5,173,1.0,1.0
31,34,7,180,5,121,0.672,0.714,7,166,0.922,1.0,7,171,0.95,1.0,7,179,0.994,1.0,7,179,0.994,1.0,7,180,1.0,1.0,7,180,1.0,1.0
32,35,10,190,7,128,0.674,0.7,10,176,0.926,1.0,10,181,0.953,1.0,10,189,0.995,1.0,10,189,0.995,1.0,10,190,1.0,1.0,10,190,1.0,1.0
33,36,13,203,10,138,0.68,0.769,13,189,0.931,1.0,13,194,0.956,1.0,13,202,0.995,1.0,13,202,0.995,1.0,13,203,1.0,1.0,13,203,1.0,1.0
34,37,14,217,9,147,0.677,0.643,14,203,0.935,1.0,14,208,0.959,1.0,14,216,0.995,1.0,14,216,0.995,1.0,14,217,1.0,1.0,14,217,1.0,1.0
35,38,11,228,9,156,0.684,0.818,11,214,0.939,1.0,11,219,0.961,1.0,11,227,0.996,1.0,11,227,0.996,1.0,11,228,1.0,1.0,11,228,1.0,1.0
36,39,12,240,6,162,0.675,0.5,11,225,0.938,0.917,12,231,0.962,1.0,12,239,0.996,1.0,12,239,0.996,1.0,12,240,1.0,1.0,12,240,1.0,1.0
37,40,11,251,6,168,0.669,0.545,10,235,0.936,0.909,11,242,0.964,1.0,11,250,0.996,1.0,11,250,0.996,1.0,11,251,1.0,1.0,11,251,1.0,1.0
38,41,9,260,8,176,0.677,0.889,8,243,0.935,0.889,8,250,0.962,0.889,9,259,0.996,1.0,9,259,0.996,1.0,9,260,1.0,1.0,9,260,1.0,1.0
39,42,6,266,3,179,0.673,0.5,5,248,0.932,0.833,6,256,0.962,1.0,6,265,0.996,1.0,6,265,0.996,1.0,6,266,1.0,1.0,6,266,1.0,1.0
40,43,9,275,7,186,0.676,0.778,8,256,0.931,0.889,9,265,0.964,1.0,9,274,0.996,1.0,9,274,0.996,1.0,9,275,1.0,1.0,9,275,1.0,1.0
41,44,7,282,4,190,0.674,0.571,5,261,0.926,0.714,6,271,0.961,0.857,7,281,0.996,1.0,7,281,0.996,1.0,7,282,1.0,1.0,7,282,1.0,1.0
42,45,13,295,8,198,0.671,0.615,12,273,0.925,0.923,13,284,0.963,1.0,13,294,0.997,1.0,13,294,0.997,1.0,13,295,1.0,1.0,13,295,1.0,1.0
43,46,8,303,4,202,0.667,0.5,8,281,0.927,1.0,8,292,0.964,1.0,8,302,0.997,1.0,8,302,0.997,1.0,8,303,1.0,1.0,8,303,1.0,1.0
44,47,12,315,7,209,0.663,0.583,10,291,0.924,0.833,11,303,0.962,0.917,12,314,0.997,1.0,12,314,0.997,1.0,12,315,1.0,1.0,12,315,1.0,1.0
45,48,9,324,4,213,0.657,0.444,6,297,0.917,0.667,7,310,0.957,0.778,8,322,0.994,0.889,9,323,0.997,1.0,9,324,1.0,1.0,9,324,1.0,1.0
46,49,10,334,7,220,0.659,0.7,10,307,0.919,1.0,10,320,0.958,1.0,10,332,0.994,1.0,10,333,0.997,1.0,10,334,1.0,1.0,10,334,1.0,1.0
47,50,10,344,5,225,0.654,0.5,7,314,0.913,0.7,8,328,0.953,0.8,10,342,0.994,1.0,10,343,0.997,1.0,10,344,1.0,1.0,10,344,1.0,1.0
48,51,16,360,9,234,0.65,0.562,13,327,0.908,0.812,15,343,0.953,0.938,16,358,0.994,1.0,16,359,0.997,1.0,16,360,1.0,1.0,16,360,1.0,1.0
49,52,9,369,3,237,0.642,0.333,7,334,0.905,0.778,9,352,0.954,1.0,9,367,0.995,1.0,9,368,0.997,1.0,9,369,1.0,1.0,9,369,1.0,1.0
50,53,16,385,11,248,0.644,0.688,14,348,0.904,0.875,15,367,0.953,0.938,16,383,0.995,1.0,16,384,0.997,1.0,16,385,1.0,1.0,16,385,1.0,1.0
51,54,13,398,7,255,0.641,0.538,12,360,0.905,0.923,12,379,0.952,0.923,13,396,0.995,1.0,13,397,0.997,1.0,13,398,1.0,1.0,13,398,1.0,1.0
52,55,9,407,4,259,0.636,0.444,7,367,0.902,0.778,8,387,0.951,0.889,8,404,0.993,0.889,9,406,0.998,1.0,9,407,1.0,1.0,9,407,1.0,1.0
53,56,8,415,3,262,0.631,0.375,8,375,0.904,1.0,8,395,0.952,1.0,8,412,0.993,1.0,8,414,0.998,1.0,8,415,1.0,1.0,8,415,1.0,1.0
54,57,13,428,3,265,0.619,0.231,9,384,0.897,0.692,12,407,0.951,0.923,13,425,0.993,1.0,13,427,0.998,1.0,13,428,1.0,1.0,13,428,1.0,1.0
55,58,14,442,8,273,0.618,0.571,13,397,0.898,0.929,13,420,0.95,0.929,14,439,0.993,1.0,14,441,0.998,1.0,14,442,1.0,1.0,14,442,1.0,1.0
56,59,14,456,5,278,0.61,0.357,12,409,0.897,0.857,14,434,0.952,1.0,14,453,0.993,1.0,14,455,0.998,1.0,14,456,1.0,1.0,14,456,1.0,1.0
57,60,14,470,7,285,0.606,0.5,12,421,0.896,0.857,13,447,0.951,0.929,14,467,0.994,1.0,14,469,0.998,1.0,14,470,1.0,1.0,14,470,1.0,1.0
58,61,12,482,7,292,0.606,0.583,10,431,0.894,0.833,11,458,0.95,0.917,11,478,0.992,0.917,12,481,0.998,1.0,12,482,1.0,1.0,12,482,1.0,1.0
59,62,9,491,3,295,0.601,0.333,5,436,0.888,0.556,8,466,0.949,0.889,9,487,0.992,1.0,9,490,0.998,1.0,9,491,1.0,1.0,9,491,1.0,1.0
60,63,13,504,5,300,0.595,0.385,8,444,0.881,0.615,13,479,0.95,1.0,13,500,0.992,1.0,13,503,0.998,1.0,13,504,1.0,1.0,13,504,1.0,1.0
61,64,12,516,8,308,0.597,0.667,11,455,0.882,0.917,12,491,0.952,1.0,12,512,0.992,1.0,12,515,0.998,1.0,12,516,1.0,1.0,12,516,1.0,1.0
62,65,9,525,3,311,0.592,0.333,8,463,0.882,0.889,9,500,0.952,1.0,9,521,0.992,1.0,9,524,0.998,1.0,9,525,1.0,1.0,9,525,1.0,1.0
63,66,13,538,9,320,0.595,0.692,12,475,0.883,0.923,13,513,0.954,1.0,13,534,0.993,1.0,13,537,0.998,1.0,13,538,1.0,1.0,13,538,1.0,1.0
64,67,15,553,9,329,0.595,0.6,14,489,0.884,0.933,14,527,0.953,0.933,15,549,0.993,1.0,15,552,0.998,1.0,15,553,1.0,1.0,15,553,1.0,1.0
65,68,11,564,7,336,0.596,0.636,10,499,0.885,0.909,11,538,0.954,1.0,11,560,0.993,1.0,11,563,0.998,1.0,11,564,1.0,1.0,11,564,1.0,1.0
66,69,12,576,7,343,0.595,0.583,10,509,0.884,0.833,11,549,0.953,0.917,12,572,0.993,1.0,12,575,0.998,1.0,12,576,1.0,1.0,12,576,1.0,1.0
67,70,9,585,4,347,0.593,0.444,9,518,0.885,1.0,9,558,0.954,1.0,9,581,0.993,1.0,9,584,0.998,1.0,9,585,1.0,1.0,9,585,1.0,1.0
68,71,15,600,6,353,0.588,0.4,11,529,0.882,0.733,12,570,0.95,0.8,14,595,0.992,0.933,15,599,0.998,1.0,15,600,1.0,1.0,15,600,1.0,1.0
69,72,8,608,4,357,0.587,0.5,7,536,0.882,0.875,8,578,0.951,1.0,8,603,0.992,1.0,8,607,0.998,1.0,8,608,1.0,1.0,8,608,1.0,1.0
70,73,13,621,5,362,0.583,0.385,8,544,0.876,0.615,12,590,0.95,0.923,13,616,0.992,1.0,13,620,0.998,1.0,13,621,1.0,1.0,13,621,1.0,1.0
71,74,11,632,5,367,0.581,0.455,9,553,0.875,0.818,10,600,0.949,0.909,11,627,0.992,1.0,11,631,0.998,1.0,11,632,1.0,1.0,11,632,1.0,1.0
72,75,14,646,7,374,0.579,0.5,10,563,0.872,0.714,13,613,0.949,0.929,14,641,0.992,1.0,14,645,0.998,1.0,14,646,1.0,1.0,14,646,1.0,1.0
73,76,10,656,4,378,0.576,0.4,5,568,0.866,0.5,8,621,0.947,0.8,10,651,0.992,1.0,10,655,0.998,1.0,10,656,1.0,1.0,10,656,1.0,1.0
74,77,5,661,5,383,0.579,1.0,5,573,0.867,1.0,5,626,0.947,1.0,5,656,0.992,1.0,5,660,0.998,1.0,5,661,1.0,1.0,5,661,1.0,1.0
75,78,12,673,8,391,0.581,0.667,9,582,0.865,0.75,10,636,0.945,0.833,11,667,0.991,0.917,12,672,0.999,1.0,12,673,1.0,1.0,12,673,1.0,1.0
76,79,12,685,5,396,0.578,0.417,11,593,0.866,0.917,12,648,0.946,1.0,12,679,0.991,1.0,12,684,0.999,1.0,12,685,1.0,1.0,12,685,1.0,1.0
77,80,12,697,4,400,0.574,0.333,7,600,0.861,0.583,11,659,0.945,0.917,12,691,0.991,1.0,12,696,0.999,1.0,12,697,1.0,1.0,12,697,1.0,1.0
78,81,13,710,7,407,0.573,0.538,10,610,0.859,0.769,12,671,0.945,0.923,13,704,0.992,1.0,13,709,0.999,1.0,13,710,1.0,1.0,13,710,1.0,1.0
79,82,13,723,7,414,0.573,0.538,9,619,0.856,0.692,11,682,0.943,0.846,13,717,0.992,1.0,13,722,0.999,1.0,13,723,1.0,1.0,13,723,1.0,1.0
80,83,10,733,4,418,0.57,0.4,7,626,0.854,0.7,10,692,0.944,1.0,10,727,0.992,1.0,10,732,0.999,1.0,10,733,1.0,1.0,10,733,1.0,1.0
81,84,8,741,2,420,0.567,0.25,7,633,0.854,0.875,7,699,0.943,0.875,8,735,0.992,1.0,8,740,0.999,1.0,8,741,1.0,1.0,8,741,1.0,1.0
82,85,8,749,2,422,0.563,0.25,5,638,0.852,0.625,5,704,0.94,0.625,8,743,0.992,1.0,8,748,0.999,1.0,8,749,1.0,1.0,8,749,1.0,1.0
83,86,4,753,2,424,0.563,0.5,4,642,0.853,1.0,4,708,0.94,1.0,4,747,0.992,1.0,4,752,0.999,1.0,4,753,1.0,1.0,4,753,1.0,1.0
84,87,8,761,3,427,0.561,0.375,5,647,0.85,0.625,7,715,0.94,0.875,8,755,0.992,1.0,8,760,0.999,1.0,8,761,1.0,1.0,8,761,1.0,1.0
85,88,6,767,2,429,0.559,0.333,5,652,0.85,0.833,5,720,0.939,0.833,6,761,0.992,1.0,6,766,0.999,1.0,6,767,1.0,1.0,6,767,1.0,1.0
86,89,12,779,6,435,0.558,0.5,11,663,0.851,0.917,11,731,0.938,0.917,12,773,0.992,1.0,12,778,0.999,1.0,12,779,1.0,1.0,12,779,1.0,1.0
87,90,11,790,8,443,0.561,0.727,10,673,0.852,0.909,11,742,0.939,1.0,11,784,0.992,1.0,11,789,0.999,1.0,11,790,1.0,1.0,11,790,1.0,1.0
88,91,9,799,1,444,0.556,0.111,7,680,0.851,0.778,8,750,0.939,0.889,9,793,0.992,1.0,9,798,0.999,1.0,9,799,1.0,1.0,9,799,1.0,1.0
89,92,9,808,3,447,0.553,0.333,6,686,0.849,0.667,8,758,0.938,0.889,9,802,0.993,1.0,9,807,0.999,1.0,9,808,1.0,1.0,9,808,1.0,1.0
90,93,3,811,2,449,0.554,0.667,2,688,0.848,0.667,3,761,0.938,1.0,3,805,0.993,1.0,3,810,0.999,1.0,3,811,1.0,1.0,3,811,1.0,1.0
91,94,6,817,3,452,0.553,0.5,4,692,0.847,0.667,5,766,0.938,0.833,6,811,0.993,1.0,6,816,0.999,1.0,6,817,1.0,1.0,6,817,1.0,1.0
92,95,9,826,6,458,0.554,0.667,8,700,0.847,0.889,9,775,0.938,1.0,9,820,0.993,1.0,9,825,0.999,1.0,9,826,1.0,1.0,9,826,1.0,1.0
93,96,8,834,6,464,0.556,0.75,6,706,0.847,0.75,7,782,0.938,0.875,8,828,0.993,1.0,8,833,0.999,1.0,8,834,1.0,1.0,8,834,1.0,1.0
94,97,10,844,5,469,0.556,0.5,9,715,0.847,0.9,9,791,0.937,0.9,10,838,0.993,1.0,10,843,0.999,1.0,10,844,1.0,1.0,10,844,1.0,1.0
95,98,10,854,4,473,0.554,0.4,9,724,0.848,0.9,10,801,0.938,1.0,10,848,0.993,1.0,10,853,0.999,1.0,10,854,1.0,1.0,10,854,1.0,1.0
96,99,6,860,2,475,0.552,0.333,4,728,0.847,0.667,6,807,0.938,1.0,6,854,0.993,1.0,6,859,0.999,1.0,6,860,1.0,1.0,6,860,1.0,1.0
97,100,13,873,6,481,0.551,0.462,11,739,0.847,0.846,13,820,0.939,1.0,13,867,0.993,1.0,13,872,0.999,1.0,13,873,1.0,1.0,13,873,1.0,1.0
98,101,10,883,6,487,0.552,0.6,9,748,0.847,0.9,9,829,0.939,0.9,9,876,0.992,0.9,10,882,0.999,1.0,10,883,1.0,1.0,10,883,1.0,1.0
99,102,12,895,3,490,0.547,0.25,9,757,0.846,0.75,12,841,0.94,1.0,12,888,0.992,1.0,12,894,0.999,1.0,12,895,1.0,1.0,12,895,1.0,1.0
100,103,11,906,5,495,0.546,0.455,7,764,0.843,0.636,9,850,0.938,0.818,10,898,0.991,0.909,11,905,0.999,1.0,11,906,1.0,1.0,11,906,1.0,1.0
101,104,7,913,4,499,0.547,0.571,4,768,0.841,0.571,6,856,0.938,0.857,6,904,0.99,0.857,7,912,0.999,1.0,7,913,1.0,1.0,7,913,1.0,1.0
102,105,9,922,4,503,0.546,0.444,7,775,0.841,0.778,8,864,0.937,0.889,9,913,0.99,1.0,9,921,0.999,1.0,9,922,1.0,1.0,9,922,1.0,1.0
103,106,8,930,4,507,0.545,0.5,7,782,0.841,0.875,7,871,0.937,0.875,8,921,0.99,1.0,8,929,0.999,1.0,8,930,1.0,1.0,8,930,1.0,1.0
104,107,5,935,0,507,0.542,0.0,3,785,0.84,0.6,5,876,0.937,1.0,5,926,0.99,1.0,5,934,0.999,1.0,5,935,1.0,1.0,5,935,1.0,1.0
105,108,7,942,5,512,0.544,0.714,6,791,0.84,0.857,7,883,0.937,1.0,7,933,0.99,1.0,7,941,0.999,1.0,7,942,1.0,1.0,7,942,1.0,1.0
106,109,13,955,7,519,0.543,0.538,11,802,0.84,0.846,11,894,0.936,0.846,12,945,0.99,0.923,13,954,0.999,1.0,13,955,1.0,1.0,13,955,1.0,1.0
107,110,10,965,1,520,0.539,0.1,7,809,0.838,0.7,10,904,0.937,1.0,10,955,0.99,1.0,10,964,0.999,1.0,10,965,1.0,1.0,10,965,1.0,1.0
108,111,11,976,7,527,0.54,0.636,10,819,0.839,0.909,10,914,0.936,0.909,11,966,0.99,1.0,11,975,0.999,1.0,11,976,1.0,1.0,11,976,1.0,1.0
109,112,6,982,3,530,0.54,0.5,5,824,0.839,0.833,5,919,0.936,0.833,5,971,0.989,0.833,6,981,0.999,1.0,6,982,1.0,1.0,6,982,1.0,1.0
110,113,13,995,6,536,0.539,0.462,11,835,0.839,0.846,12,931,0.936,0.923,13,984,0.989,1.0,13,994,0.999,1.0,13,995,1.0,1.0,13,995,1.0,1.0
111,114,12,1007,4,540,0.536,0.333,8,843,0.837,0.667,11,942,0.935,0.917,12,996,0.989,1.0,12,1006,0.999,1.0,12,1007,1.0,1.0,12,1007,1.0,1.0
112,115,10,1017,7,547,0.538,0.7,9,852,0.838,0.9,10,952,0.936,1.0,10,1006,0.989,1.0,10,1016,0.999,1.0,10,1017,1.0,1.0,10,1017,1.0,1.0
113,116,9,1026,3,550,0.536,0.333,8,860,0.838,0.889,9,961,0.937,1.0,9,1015,0.989,1.0,9,1025,0.999,1.0,9,1026,1.0,1.0,9,1026,1.0,1.0
114,117,10,1036,5,555,0.536,0.5,8,868,0.838,0.8,9,970,0.936,0.9,10,1025,0.989,1.0,10,1035,0.999,1.0,10,1036,1.0,1.0,10,1036,1.0,1.0
115,118,11,1047,7,562,0.537,0.636,11,879,0.84,1.0,11,981,0.937,1.0,11,1036,0.989,1.0,11,1046,0.999,1.0,11,1047,1.0,1.0,11,1047,1.0,1.0
116,119,8,1055,3,565,0.536,0.375,5,884,0.838,0.625,6,987,0.936,0.75,8,1044,0.99,1.0,8,1054,0.999,1.0,8,1055,1.0,1.0,8,1055,1.0,1.0
117,120,7,1062,2,567,0.534,0.286,5,889,0.837,0.714,5,992,0.934,0.714,5,1049,0.988,0.714,7,1061,0.999,1.0,7,1062,1.0,1.0,7,1062,1.0,1.0
118,121,8,1070,6,573,0.536,0.75,7,896,0.837,0.875,7,999,0.934,0.875,7,1056,0.987,0.875,8,1069,0.999,1.0,8,1070,1.0,1.0,8,1070,1.0,1.0
119,122,6,1076,2,575,0.534,0.333,4,900,0.836,0.667,4,1003,0.932,0.667,6,1062,0.987,1.0,6,1075,0.999,1.0,6,1076,1.0,1.0,6,1076,1.0,1.0
120,123,4,1080,2,577,0.534,0.5,3,903,0.836,0.75,4,1007,0.932,1.0,4,1066,0.987,1.0,4,1079,0.999,1.0,4,1080,1.0,1.0,4,1080,1.0,1.0
121,124,6,1086,3,580,0.534,0.5,5,908,0.836,0.833,5,1012,0.932,0.833,6,1072,0.987,1.0,6,1085,0.999,1.0,6,1086,1.0,1.0,6,1086,1.0,1.0
122,125,3,1089,2,582,0.534,0.667,2,910,0.836,0.667,2,1014,0.931,0.667,3,1075,0.987,1.0,3,1088,0.999,1.0,3,1089,1.0,1.0,3,1089,1.0,1.0
123,126,6,1095,1,583,0.532,0.167,3,913,0.834,0.5,5,1019,0.931,0.833,6,1081,0.987,1.0,6,1094,0.999,1.0,6,1095,1.0,1.0,6,1095,1.0,1.0
124,127,7,1102,5,588,0.534,0.714,7,920,0.835,1.0,7,1026,0.931,1.0,7,1088,0.987,1.0,7,1101,0.999,1.0,7,1102,1.0,1.0,7,1102,1.0,1.0
125,128,8,1110,2,590,0.532,0.25,4,924,0.832,0.5,6,1032,0.93,0.75,8,1096,0.987,1.0,8,1109,0.999,1.0,8,1110,1.0,1.0,8,1110,1.0,1.0
126,129,8,1118,4,594,0.531,0.5,5,929,0.831,0.625,7,1039,0.929,0.875,8,1104,0.987,1.0,8,1117,0.999,1.0,8,1118,1.0,1.0,8,1118,1.0,1.0
127,130,6,1124,3,597,0.531,0.5,4,933,0.83,0.667,4,1043,0.928,0.667,5,1109,0.987,0.833,6,1123,0.999,1.0,6,1124,1.0,1.0,6,1124,1.0,1.0
128,131,7,1131,3,600,0.531,0.429,5,938,0.829,0.714,5,1048,0.927,0.714,7,1116,0.987,1.0,7,1130,0.999,1.0,7,1131,1.0,1.0,7,1131,1.0,1.0
129,132,6,1137,3,603,0.53,0.5,5,943,0.829,0.833,5,1053,0.926,0.833,6,1122,0.987,1.0,6,1136,0.999,1.0,6,1137,1.0,1.0,6,1137,1.0,1.0
130,133,3,1140,0,603,0.529,0.0,2,945,0.829,0.667,3,1056,0.926,1.0,3,1125,0.987,1.0,3,1139,0.999,1.0,3,1140,1.0,1.0,3,1140,1.0,1.0
131,134,13,1153,4,607,0.526,0.308,8,953,0.827,0.615,8,1064,0.923,0.615,13,1138,0.987,1.0,13,1152,0.999,1.0,13,1153,1.0,1.0,13,1153,1.0,1.0
132,135,10,1163,5,612,0.526,0.5,9,962,0.827,0.9,9,1073,0.923,0.9,10,1148,0.987,1.0,10,1162,0.999,1.0,10,1163,1.0,1.0,10,1163,1.0,1.0
133,136,7,1170,3,615,0.526,0.429,7,969,0.828,1.0,7,1080,0.923,1.0,7,1155,0.987,1.0,7,1169,0.999,1.0,7,1170,1.0,1.0,7,1170,1.0,1.0
134,137,9,1179,3,618,0.524,0.333,6,975,0.827,0.667,6,1086,0.921,0.667,8,1163,0.986,0.889,9,1178,0.999,1.0,9,1179,1.0,1.0,9,1179,1.0,1.0
135,138,5,1184,1,619,0.523,0.2,3,978,0.826,0.6,3,1089,0.92,0.6,5,1168,0.986,1.0,5,1183,0.999,1.0,5,1184,1.0,1.0,5,1184,1.0,1.0
136,139,11,1195,2,621,0.52,0.182,7,985,0.824,0.636,10,1099,0.92,0.909,11,1179,0.987,1.0,11,1194,0.999,1.0,11,1195,1.0,1.0,11,1195,1.0,1.0
137,140,6,1201,2,623,0.519,0.333,4,989,0.823,0.667,4,1103,0.918,0.667,6,1185,0.987,1.0,6,1200,0.999,1.0,6,1201,1.0,1.0,6,1201,1.0,1.0
138,141,8,1209,3,626,0.518,0.375,7,996,0.824,0.875,7,1110,0.918,0.875,8,1193,0.987,1.0,8,1208,0.999,1.0,8,1209,1.0,1.0,8,1209,1.0,1.0
139,142,10,1219,3,629,0.516,0.3,9,1005,0.824,0.9,9,1119,0.918,0.9,10,1203,0.987,1.0,10,1218,0.999,1.0,10,1219,1.0,1.0,10,1219,1.0,1.0
140,143,6,1225,3,632,0.516,0.5,5,1010,0.824,0.833,6,1125,0.918,1.0,6,1209,0.987,1.0,6,1224,0.999,1.0,6,1225,1.0,1.0,6,1225,1.0,1.0
141,144,6,1231,3,635,0.516,0.5,5,1015,0.825,0.833,6,1131,0.919,1.0,6,1215,0.987,1.0,6,1230,0.999,1.0,6,1231,1.0,1.0,6,1231,1.0,1.0
142,145,8,1239,4,639,0.516,0.5,6,1021,0.824,0.75,8,1139,0.919,1.0,8,1223,0.987,1.0,8,1238,0.999,1.0,8,1239,1.0,1.0,8,1239,1.0,1.0
143,146,5,1244,2,641,0.515,0.4,3,1024,0.823,0.6,5,1144,0.92,1.0,5,1228,0.987,1.0,5,1243,0.999,1.0,5,1244,1.0,1.0,5,1244,1.0,1.0
144,147,7,1251,3,644,0.515,0.429,5,1029,0.823,0.714,5,1149,0.918,0.714,7,1235,0.987,1.0,7,1250,0.999,1.0,7,1251,1.0,1.0,7,1251,1.0,1.0
145,148,7,1258,2,646,0.514,0.286,5,1034,0.822,0.714,6,1155,0.918,0.857,6,1241,0.986,0.857,7,1257,0.999,1.0,7,1258,1.0,1.0,7,1258,1.0,1.0
146,149,9,1267,4,650,0.513,0.444,7,1041,0.822,0.778,7,1162,0.917,0.778,9,1250,0.987,1.0,9,1266,0.999,1.0,9,1267,1.0,1.0,9,1267,1.0,1.0
147,150,3,1270,1,651,0.513,0.333,3,1044,0.822,1.0,3,1165,0.917,1.0,3,1253,0.987,1.0,3,1269,0.999,1.0,3,1270,1.0,1.0,3,1270,1.0,1.0
148,151,3,1273,2,653,0.513,0.667,2,1046,0.822,0.667,3,1168,0.918,1.0,3,1256,0.987,1.0,3,1272,0.999,1.0,3,1273,1.0,1.0,3,1273,1.0,1.0
149,152,9,1282,5,658,0.513,0.556,8,1054,0.822,0.889,9,1177,0.918,1.0,9,1265,0.987,1.0,9,1281,0.999,1.0,9,1282,1.0,1.0,9,1282,1.0,1.0
150,153,5,1287,2,660,0.513,0.4,4,1058,0.822,0.8,4,1181,0.918,0.8,5,1270,0.987,1.0,5,1286,0.999,1.0,5,1287,1.0,1.0,5,1287,1.0,1.0
151,154,1,1288,1,661,0.513,1.0,1,1059,0.822,1.0,1,1182,0.918,1.0,1,1271,0.987,1.0,1,1287,0.999,1.0,1,1288,1.0,1.0,1,1288,1.0,1.0
152,155,4,1292,3,664,0.514,0.75,3,1062,0.822,0.75,4,1186,0.918,1.0,4,1275,0.987,1.0,4,1291,0.999,1.0,4,1292,1.0,1.0,4,1292,1.0,1.0
153,156,5,1297,3,667,0.514,0.6,4,1066,0.822,0.8,4,1190,0.918,0.8,5,1280,0.987,1.0,5,1296,0.999,1.0,5,1297,1.0,1.0,5,1297,1.0,1.0
154,157,3,1300,1,668,0.514,0.333,3,1069,0.822,1.0,3,1193,0.918,1.0,3,1283,0.987,1.0,3,1299,0.999,1.0,3,1300,1.0,1.0,3,1300,1.0,1.0
155,158,7,1307,0,668,0.511,0.0,6,1075,0.822,0.857,6,1199,0.917,0.857,7,1290,0.987,1.0,7,1306,0.999,1.0,7,1307,1.0,1.0,7,1307,1.0,1.0
156,159,5,1312,2,670,0.511,0.4,4,1079,0.822,0.8,4,1203,0.917,0.8,5,1295,0.987,1.0,5,1311,0.999,1.0,5,1312,1.0,1.0,5,1312,1.0,1.0
157,160,7,1319,1,671,0.509,0.143,6,1085,0.823,0.857,6,1209,0.917,0.857,7,1302,0.987,1.0,7,1318,0.999,1.0,7,1319,1.0,1.0,7,1319,1.0,1.0
158,161,8,1327,1,672,0.506,0.125,7,1092,0.823,0.875,8,1217,0.917,1.0,8,1310,0.987,1.0,8,1326,0.999,1.0,8,1327,1.0,1.0,8,1327,1.0,1.0
159,162,8,1335,3,675,0.506,0.375,7,1099,0.823,0.875,7,1224,0.917,0.875,7,1317,0.987,0.875,8,1334,0.999,1.0,8,1335,1.0,1.0,8,1335,1.0,1.0
160,163,5,1340,3,678,0.506,0.6,5,1104,0.824,1.0,5,1229,0.917,1.0,5,1322,0.987,1.0,5,1339,0.999,1.0,5,1340,1.0,1.0,5,1340,1.0,1.0
161,164,6,1346,3,681,0.506,0.5,5,1109,0.824,0.833,6,1235,0.918,1.0,6,1328,0.987,1.0,6,1345,0.999,1.0,6,1346,1.0,1.0,6,1346,1.0,1.0
162,165,6,1352,2,683,0.505,0.333,4,1113,0.823,0.667,5,1240,0.917,0.833,6,1334,0.987,1.0,6,1351,0.999,1.0,6,1352,1.0,1.0,6,1352,1.0,1.0
163,166,3,1355,1,684,0.505,0.333,2,1115,0.823,0.667,2,1242,0.917,0.667,3,1337,0.987,1.0,3,1354,0.999,1.0,3,1355,1.0,1.0,3,1355,1.0,1.0
164,167,6,1361,3,687,0.505,0.5,5,1120,0.823,0.833,5,1247,0.916,0.833,6,1343,0.987,1.0,6,1360,0.999,1.0,6,1361,1.0,1.0,6,1361,1.0,1.0
165,168,4,1365,4,691,0.506,1.0,4,1124,0.823,1.0,4,1251,0.916,1.0,4,1347,0.987,1.0,4,1364,0.999,1.0,4,1365,1.0,1.0,4,1365,1.0,1.0
166,169,4,1369,3,694,0.507,0.75,3,1127,0.823,0.75,3,1254,0.916,0.75,4,1351,0.987,1.0,4,1368,0.999,1.0,4,1369,1.0,1.0,4,1369,1.0,1.0
167,170,8,1377,3,697,0.506,0.375,7,1134,0.824,0.875,7,1261,0.916,0.875,8,1359,0.987,1.0,8,1376,0.999,1.0,8,1377,1.0,1.0,8,1377,1.0,1.0
168,171,6,1383,1,698,0.505,0.167,4,1138,0.823,0.667,5,1266,0.915,0.833,6,1365,0.987,1.0,6,1382,0.999,1.0,6,1383,1.0,1.0,6,1383,1.0,1.0
169,172,6,1389,2,700,0.504,0.333,5,1143,0.823,0.833,6,1272,0.916,1.0,6,1371,0.987,1.0,6,1388,0.999,1.0,6,1389,1.0,1.0,6,1389,1.0,1.0
170,173,2,1391,1,701,0.504,0.5,2,1145,0.823,1.0,2,1274,0.916,1.0,2,1373,0.987,1.0,2,1390,0.999,1.0,2,1391,1.0,1.0,2,1391,1.0,1.0
171,174,6,1397,3,704,0.504,0.5,5,1150,0.823,0.833,5,1279,0.916,0.833,6,1379,0.987,1.0,6,1396,0.999,1.0,6,1397,1.0,1.0,6,1397,1.0,1.0
172,175,7,1404,4,708,0.504,0.571,5,1155,0.823,0.714,6,1285,0.915,0.857,7,1386,0.987,1.0,7,1403,0.999,1.0,7,1404,1.0,1.0,7,1404,1.0,1.0
173,176,5,1409,1,709,0.503,0.2,4,1159,0.823,0.8,5,1290,0.916,1.0,5,1391,0.987,1.0,5,1408,0.999,1.0,5,1409,1.0,1.0,5,1409,1.0,1.0
174,177,8,1417,3,712,0.502,0.375,6,1165,0.822,0.75,6,1296,0.915,0.75,8,1399,0.987,1.0,8,1416,0.999,1.0,8,1417,1.0,1.0,8,1417,1.0,1.0
175,178,4,1421,3,715,0.503,0.75,3,1168,0.822,0.75,3,1299,0.914,0.75,4,1403,0.987,1.0,4,1420,0.999,1.0,4,1421,1.0,1.0,4,1421,1.0,1.0
176,179,7,1428,1,716,0.501,0.143,6,1174,0.822,0.857,7,1306,0.915,1.0,7,1410,0.987,1.0,7,1427,0.999,1.0,7,1428,1.0,1.0,7,1428,1.0,1.0
177,180,5,1433,2,718,0.501,0.4,5,1179,0.823,1.0,5,1311,0.915,1.0,5,1415,0.987,1.0,5,1432,0.999,1.0,5,1433,1.0,1.0,5,1433,1.0,1.0
178,181,4,1437,1,719,0.5,0.25,4,1183,0.823,1.0,4,1315,0.915,1.0,4,1419,0.987,1.0,4,1436,0.999,1.0,4,1437,1.0,1.0,4,1437,1.0,1.0
179,182,4,1441,1,720,0.5,0.25,3,1186,0.823,0.75,3,1318,0.915,0.75,4,1423,0.988,1.0,4,1440,0.999,1.0,4,1441,1.0,1.0,4,1441,1.0,1.0
180,183,5,1446,2,722,0.499,0.4,4,1190,0.823,0.8,5,1323,0.915,1.0,5,1428,0.988,1.0,5,1445,0.999,1.0,5,1446,1.0,1.0,5,1446,1.0,1.0
181,184,3,1449,2,724,0.5,0.667,3,1193,0.823,1.0,3,1326,0.915,1.0,3,1431,0.988,1.0,3,1448,0.999,1.0,3,1449,1.0,1.0,3,1449,1.0,1.0
182,186,5,1454,1,725,0.499,0.2,5,1198,0.824,1.0,5,1331,0.915,1.0,5,1436,0.988,1.0,5,1453,0.999,1.0,5,1454,1.0,1.0,5,1454,1.0,1.0
183,187,6,1460,4,729,0.499,0.667,5,1203,0.824,0.833,6,1337,0.916,1.0,6,1442,0.988,1.0,6,1459,0.999,1.0,6,1460,1.0,1.0,6,1460,1.0,1.0
184,188,4,1464,2,731,0.499,0.5,3,1206,0.824,0.75,3,1340,0.915,0.75,4,1446,0.988,1.0,4,1463,0.999,1.0,4,1464,1.0,1.0,4,1464,1.0,1.0
185,189,5,1469,3,734,0.5,0.6,5,1211,0.824,1.0,5,1345,0.916,1.0,5,1451,0.988,1.0,5,1468,0.999,1.0,5,1469,1.0,1.0,5,1469,1.0,1.0
186,190,4,1473,0,734,0.498,0.0,3,1214,0.824,0.75,3,1348,0.915,0.75,4,1455,0.988,1.0,4,1472,0.999,1.0,4,1473,1.0,1.0,4,1473,1.0,1.0
187,191,2,1475,1,735,0.498,0.5,2,1216,0.824,1.0,2,1350,0.915,1.0,2,1457,0.988,1.0,2,1474,0.999,1.0,2,1475,1.0,1.0,2,1475,1.0,1.0
188,192,4,1479,1,736,0.498,0.25,4,1220,0.825,1.0,4,1354,0.915,1.0,4,1461,0.988,1.0,4,1478,0.999,1.0,4,1479,1.0,1.0,4,1479,1.0,1.0
189,193,3,1482,2,738,0.498,0.667,2,1222,0.825,0.667,3,1357,0.916,1.0,3,1464,0.988,1.0,3,1481,0.999,1.0,3,1482,1.0,1.0,3,1482,1.0,1.0
190,194,4,1486,2,740,0.498,0.5,4,1226,0.825,1.0,4,1361,0.916,1.0,4,1468,0.988,1.0,4,1485,0.999,1.0,4,1486,1.0,1.0,4,1486,1.0,1.0
191,195,8,1494,3,743,0.497,0.375,7,1233,0.825,0.875,8,1369,0.916,1.0,8,1476,0.988,1.0,8,1493,0.999,1.0,8,1494,1.0,1.0,8,1494,1.0,1.0
192,196,4,1498,4,747,0.499,1.0,4,1237,0.826,1.0,4,1373,0.917,1.0,4,1480,0.988,1.0,4,1497,0.999,1.0,4,1498,1.0,1.0,4,1498,1.0,1.0
193,197,5,1503,2,749,0.498,0.4,4,1241,0.826,0.8,5,1378,0.917,1.0,5,1485,0.988,1.0,5,1502,0.999,1.0,5,1503,1.0,1.0,5,1503,1.0,1.0
194,198,7,1510,6,755,0.5,0.857,7,1248,0.826,1.0,7,1385,0.917,1.0,7,1492,0.988,1.0,7,1509,0.999,1.0,7,1510,1.0,1.0,7,1510,1.0,1.0
195,199,3,1513,1,756,0.5,0.333,3,1251,0.827,1.0,3,1388,0.917,1.0,3,1495,0.988,1.0,3,1512,0.999,1.0,3,1513,1.0,1.0,3,1513,1.0,1.0
196,200,3,1516,3,759,0.501,1.0,3,1254,0.827,1.0,3,1391,0.918,1.0,3,1498,0.988,1.0,3,1515,0.999,1.0,3,1516,1.0,1.0,3,1516,1.0,1.0
197,201,5,1521,4,763,0.502,0.8,5,1259,0.828,1.0,5,1396,0.918,1.0,5,1503,0.988,1.0,5,1520,0.999,1.0,5,1521,1.0,1.0,5,1521,1.0,1.0
198,202,2,1523,2,765,0.502,1.0,2,1261,0.828,1.0,2,1398,0.918,1.0,2,1505,0.988,1.0,2,1522,0.999,1.0,2,1523,1.0,1.0,2,1523,1.0,1.0
199,203,4,1527,2,767,0.502,0.5,3,1264,0.828,0.75,4,1402,0.918,1.0,4,1509,0.988,1.0,4,1526,0.999,1.0,4,1527,1.0,1.0,4,1527,1.0,1.0
200,204,5,1532,4,771,0.503,0.8,5,1269,0.828,1.0,5,1407,0.918,1.0,5,1514,0.988,1.0,5,1531,0.999,1.0,5,1532,1.0,1.0,5,1532,1.0,1.0
201,205,3,1535,2,773,0.504,0.667,3,1272,0.829,1.0,3,1410,0.919,1.0,3,1517,0.988,1.0,3,1534,0.999,1.0,3,1535,1.0,1.0,3,1535,1.0,1.0
202,206,5,1540,2,775,0.503,0.4,4,1276,0.829,0.8,5,1415,0.919,1.0,5,1522,0.988,1.0,5,1539,0.999,1.0,5,1540,1.0,1.0,5,1540,1.0,1.0
203,207,3,1543,2,777,0.504,0.667,2,1278,0.828,0.667,2,1417,0.918,0.667,3,1525,0.988,1.0,3,1542,0.999,1.0,3,1543,1.0,1.0,3,1543,1.0,1.0
204,208,2,1545,1,778,0.504,0.5,2,1280,0.828,1.0,2,1419,0.918,1.0,2,1527,0.988,1.0,2,1544,0.999,1.0,2,1545,1.0,1.0,2,1545,1.0,1.0
205,209,2,1547,1,779,0.504,0.5,2,1282,0.829,1.0,2,1421,0.919,1.0,2,1529,0.988,1.0,2,1546,0.999,1.0,2,1547,1.0,1.0,2,1547,1.0,1.0
206,210,4,1551,2,781,0.504,0.5,3,1285,0.828,0.75,3,1424,0.918,0.75,4,1533,0.988,1.0,4,1550,0.999,1.0,4,1551,1.0,1.0,4,1551,1.0,1.0
207,211,3,1554,3,784,0.505,1.0,3,1288,0.829,1.0,3,1427,0.918,1.0,3,1536,0.988,1.0,3,1553,0.999,1.0,3,1554,1.0,1.0,3,1554,1.0,1.0
208,212,4,1558,3,787,0.505,0.75,4,1292,0.829,1.0,4,1431,0.918,1.0,4,1540,0.988,1.0,4,1557,0.999,1.0,4,1558,1.0,1.0,4,1558,1.0,1.0
209,213,3,1561,1,788,0.505,0.333,2,1294,0.829,0.667,3,1434,0.919,1.0,3,1543,0.988,1.0,3,1560,0.999,1.0,3,1561,1.0,1.0,3,1561,1.0,1.0
210,214,2,1563,1,789,0.505,0.5,2,1296,0.829,1.0,2,1436,0.919,1.0,2,1545,0.988,1.0,2,1562,0.999,1.0,2,1563,1.0,1.0,2,1563,1.0,1.0
211,215,3,1566,2,791,0.505,0.667,3,1299,0.83,1.0,3,1439,0.919,1.0,3,1548,0.989,1.0,3,1565,0.999,1.0,3,1566,1.0,1.0,3,1566,1.0,1.0
212,216,5,1571,2,793,0.505,0.4,5,1304,0.83,1.0,5,1444,0.919,1.0,5,1553,0.989,1.0,5,1570,0.999,1.0,5,1571,1.0,1.0,5,1571,1.0,1.0
213,217,6,1577,3,796,0.505,0.5,4,1308,0.829,0.667,5,1449,0.919,0.833,6,1559,0.989,1.0,6,1576,0.999,1.0,6,1577,1.0,1.0,6,1577,1.0,1.0
214,218,2,1579,1,797,0.505,0.5,2,1310,0.83,1.0,2,1451,0.919,1.0,2,1561,0.989,1.0,2,1578,0.999,1.0,2,1579,1.0,1.0,2,1579,1.0,1.0
215,219,5,1584,1,798,0.504,0.2,3,1313,0.829,0.6,5,1456,0.919,1.0,5,1566,0.989,1.0,5,1583,0.999,1.0,5,1584,1.0,1.0,5,1584,1.0,1.0
216,220,4,1588,2,800,0.504,0.5,3,1316,0.829,0.75,4,1460,0.919,1.0,4,1570,0.989,1.0,4,1587,0.999,1.0,4,1588,1.0,1.0,4,1588,1.0,1.0
217,221,10,1598,8,808,0.506,0.8,9,1325,0.829,0.9,9,1469,0.919,0.9,10,1580,0.989,1.0,10,1597,0.999,1.0,10,1598,1.0,1.0,10,1598,1.0,1.0
218,222,3,1601,1,809,0.505,0.333,3,1328,0.829,1.0,3,1472,0.919,1.0,3,1583,0.989,1.0,3,1600,0.999,1.0,3,1601,1.0,1.0,3,1601,1.0,1.0
219,223,2,1603,1,810,0.505,0.5,2,1330,0.83,1.0,2,1474,0.92,1.0,2,1585,0.989,1.0,2,1602,0.999,1.0,2,1603,1.0,1.0,2,1603,1.0,1.0
220,224,1,1604,1,811,0.506,1.0,1,1331,0.83,1.0,1,1475,0.92,1.0,1,1586,0.989,1.0,1,1603,0.999,1.0,1,1604,1.0,1.0,1,1604,1.0,1.0
221,225,3,1607,3,814,0.507,1.0,3,1334,0.83,1.0,3,1478,0.92,1.0,3,1589,0.989,1.0,3,1606,0.999,1.0,3,1607,1.0,1.0,3,1607,1.0,1.0
222,226,6,1613,4,818,0.507,0.667,4,1338,0.83,0.667,6,1484,0.92,1.0,6,1595,0.989,1.0,6,1612,0.999,1.0,6,1613,1.0,1.0,6,1613,1.0,1.0
223,227,4,1617,1,819,0.506,0.25,1,1339,0.828,0.25,3,1487,0.92,0.75,4,1599,0.989,1.0,4,1616,0.999,1.0,4,1617,1.0,1.0,4,1617,1.0,1.0
224,228,3,1620,1,820,0.506,0.333,2,1341,0.828,0.667,3,1490,0.92,1.0,3,1602,0.989,1.0,3,1619,0.999,1.0,3,1620,1.0,1.0,3,1620,1.0,1.0
225,229,1,1621,0,820,0.506,0.0,1,1342,0.828,1.0,1,1491,0.92,1.0,1,1603,0.989,1.0,1,1620,0.999,1.0,1,1621,1.0,1.0,1,1621,1.0,1.0
226,230,4,1625,3,823,0.506,0.75,4,1346,0.828,1.0,4,1495,0.92,1.0,4,1607,0.989,1.0,4,1624,0.999,1.0,4,1625,1.0,1.0,4,1625,1.0,1.0
227,231,4,1629,2,825,0.506,0.5,3,1349,0.828,0.75,3,1498,0.92,0.75,4,1611,0.989,1.0,4,1628,0.999,1.0,4,1629,1.0,1.0,4,1629,1.0,1.0
228,232,1,1630,0,825,0.506,0.0,0,1349,0.828,0.0,0,1498,0.919,0.0,1,1612,0.989,1.0,1,1629,0.999,1.0,1,1630,1.0,1.0,1,1630,1.0,1.0
229,233,2,1632,1,826,0.506,0.5,2,1351,0.828,1.0,2,1500,0.919,1.0,2,1614,0.989,1.0,2,1631,0.999,1.0,2,1632,1.0,1.0,2,1632,1.0,1.0
230,234,1,1633,0,826,0.506,0.0,1,1352,0.828,1.0,1,1501,0.919,1.0,1,1615,0.989,1.0,1,1632,0.999,1.0,1,1633,1.0,1.0,1,1633,1.0,1.0
231,235,3,1636,1,827,0.506,0.333,3,1355,0.828,1.0,3,1504,0.919,1.0,3,1618,0.989,1.0,3,1635,0.999,1.0,3,1636,1.0,1.0,3,1636,1.0,1.0
232,236,1,1637,1,828,0.506,1.0,1,1356,0.828,1.0,1,1505,0.919,1.0,1,1619,0.989,1.0,1,1636,0.999,1.0,1,1637,1.0,1.0,1,1637,1.0,1.0
233,237,1,1638,1,829,0.506,1.0,1,1357,0.828,1.0,1,1506,0.919,1.0,1,1620,0.989,1.0,1,1637,0.999,1.0,1,1638,1.0,1.0,1,1638,1.0,1.0
234,238,4,1642,2,831,0.506,0.5,4,1361,0.829,1.0,4,1510,0.92,1.0,4,1624,0.989,1.0,4,1641,0.999,1.0,4,1642,1.0,1.0,4,1642,1.0,1.0
235,239,2,1644,2,833,0.507,1.0,2,1363,0.829,1.0,2,1512,0.92,1.0,2,1626,0.989,1.0,2,1643,0.999,1.0,2,1644,1.0,1.0,2,1644,1.0,1.0
236,240,3,1647,1,834,0.506,0.333,2,1365,0.829,0.667,3,1515,0.92,1.0,3,1629,0.989,1.0,3,1646,0.999,1.0,3,1647,1.0,1.0,3,1647,1.0,1.0
237,241,2,1649,2,836,0.507,1.0,2,1367,0.829,1.0,2,1517,0.92,1.0,2,1631,0.989,1.0,2,1648,0.999,1.0,2,1649,1.0,1.0,2,1649,1.0,1.0
238,242,2,1651,0,836,0.506,0.0,2,1369,0.829,1.0,2,1519,0.92,1.0,2,1633,0.989,1.0,2,1650,0.999,1.0,2,1651,1.0,1.0,2,1651,1.0,1.0
239,243,5,1656,2,838,0.506,0.4,4,1373,0.829,0.8,5,1524,0.92,1.0,5,1638,0.989,1.0,5,1655,0.999,1.0,5,1656,1.0,1.0,5,1656,1.0,1.0
240,244,2,1658,1,839,0.506,0.5,2,1375,0.829,1.0,2,1526,0.92,1.0,2,1640,0.989,1.0,2,1657,0.999,1.0,2,1658,1.0,1.0,2,1658,1.0,1.0
241,246,3,1661,3,842,0.507,1.0,3,1378,0.83,1.0,3,1529,0.921,1.0,3,1643,0.989,1.0,3,1660,0.999,1.0,3,1661,1.0,1.0,3,1661,1.0,1.0
242,247,5,1666,3,845,0.507,0.6,4,1382,0.83,0.8,5,1534,0.921,1.0,5,1648,0.989,1.0,5,1665,0.999,1.0,5,1666,1.0,1.0,5,1666,1.0,1.0
243,248,3,1669,2,847,0.507,0.667,2,1384,0.829,0.667,2,1536,0.92,0.667,3,1651,0.989,1.0,3,1668,0.999,1.0,3,1669,1.0,1.0,3,1669,1.0,1.0
244,249,2,1671,1,848,0.507,0.5,2,1386,0.829,1.0,2,1538,0.92,1.0,2,1653,0.989,1.0,2,1670,0.999,1.0,2,1671,1.0,1.0,2,1671,1.0,1.0
245,251,1,1672,1,849,0.508,1.0,1,1387,0.83,1.0,1,1539,0.92,1.0,1,1654,0.989,1.0,1,1671,0.999,1.0,1,1672,1.0,1.0,1,1672,1.0,1.0
246,252,2,1674,0,849,0.507,0.0,2,1389,0.83,1.0,2,1541,0.921,1.0,2,1656,0.989,1.0,2,1673,0.999,1.0,2,1674,1.0,1.0,2,1674,1.0,1.0
247,253,1,1675,0,849,0.507,0.0,1,1390,0.83,1.0,1,1542,0.921,1.0,1,1657,0.989,1.0,1,1674,0.999,1.0,1,1675,1.0,1.0,1,1675,1.0,1.0
248,254,4,1679,4,853,0.508,1.0,4,1394,0.83,1.0,4,1546,0.921,1.0,4,1661,0.989,1.0,4,1678,0.999,1.0,4,1679,1.0,1.0,4,1679,1.0,1.0
249,255,3,1682,1,854,0.508,0.333,3,1397,0.831,1.0,3,1549,0.921,1.0,3,1664,0.989,1.0,3,1681,0.999,1.0,3,1682,1.0,1.0,3,1682,1.0,1.0
250,256,2,1684,0,854,0.507,0.0,1,1398,0.83,0.5,2,1551,0.921,1.0,2,1666,0.989,1.0,2,1683,0.999,1.0,2,1684,1.0,1.0,2,1684,1.0,1.0
251,257,1,1685,1,855,0.507,1.0,1,1399,0.83,1.0,1,1552,0.921,1.0,1,1667,0.989,1.0,1,1684,0.999,1.0,1,1685,1.0,1.0,1,1685,1.0,1.0
252,258,3,1688,2,857,0.508,0.667,2,1401,0.83,0.667,2,1554,0.921,0.667,3,1670,0.989,1.0,3,1687,0.999,1.0,3,1688,1.0,1.0,3,1688,1.0,1.0
253,259,1,1689,1,858,0.508,1.0,1,1402,0.83,1.0,1,1555,0.921,1.0,1,1671,0.989,1.0,1,1688,0.999,1.0,1,1689,1.0,1.0,1,1689,1.0,1.0
254,260,3,1692,0,858,0.507,0.0,2,1404,0.83,0.667,3,1558,0.921,1.0,3,1674,0.989,1.0,3,1691,0.999,1.0,3,1692,1.0,1.0,3,1692,1.0,1.0
255,261,1,1693,1,859,0.507,1.0,1,1405,0.83,1.0,1,1559,0.921,1.0,1,1675,0.989,1.0,1,1692,0.999,1.0,1,1693,1.0,1.0,1,1693,1.0,1.0
256,262,2,1695,0,859,0.507,0.0,1,1406,0.829,0.5,1,1560,0.92,0.5,2,1677,0.989,1.0,2,1694,0.999,1.0,2,1695,1.0,1.0,2,1695,1.0,1.0
257,263,1,1696,1,860,0.507,1.0,1,1407,0.83,1.0,1,1561,0.92,1.0,1,1678,0.989,1.0,1,1695,0.999,1.0,1,1696,1.0,1.0,1,1696,1.0,1.0
258,264,1,1697,0,860,0.507,0.0,1,1408,0.83,1.0,1,1562,0.92,1.0,1,1679,0.989,1.0,1,1696,0.999,1.0,1,1697,1.0,1.0,1,1697,1.0,1.0
259,265,1,1698,0,860,0.506,0.0,1,1409,0.83,1.0,1,1563,0.92,1.0,1,1680,0.989,1.0,1,1697,0.999,1.0,1,1698,1.0,1.0,1,1698,1.0,1.0
260,266,1,1699,0,860,0.506,0.0,1,1410,0.83,1.0,1,1564,0.921,1.0,1,1681,0.989,1.0,1,1698,0.999,1.0,1,1699,1.0,1.0,1,1699,1.0,1.0
261,267,1,1700,1,861,0.506,1.0,1,1411,0.83,1.0,1,1565,0.921,1.0,1,1682,0.989,1.0,1,1699,0.999,1.0,1,1700,1.0,1.0,1,1700,1.0,1.0
262,269,2,1702,1,862,0.506,0.5,2,1413,0.83,1.0,2,1567,0.921,1.0,2,1684,0.989,1.0,2,1701,0.999,1.0,2,1702,1.0,1.0,2,1702,1.0,1.0
263,270,3,1705,2,864,0.507,0.667,3,1416,0.83,1.0,3,1570,0.921,1.0,3,1687,0.989,1.0,3,1704,0.999,1.0,3,1705,1.0,1.0,3,1705,1.0,1.0
264,271,3,1708,2,866,0.507,0.667,3,1419,0.831,1.0,3,1573,0.921,1.0,3,1690,0.989,1.0,3,1707,0.999,1.0,3,1708,1.0,1.0,3,1708,1.0,1.0
265,272,1,1709,0,866,0.507,0.0,1,1420,0.831,1.0,1,1574,0.921,1.0,1,1691,0.989,1.0,1,1708,0.999,1.0,1,1709,1.0,1.0,1,1709,1.0,1.0
266,273,1,1710,0,866,0.506,0.0,1,1421,0.831,1.0,1,1575,0.921,1.0,1,1692,0.989,1.0,1,1709,0.999,1.0,1,1710,1.0,1.0,1,1710,1.0,1.0
267,274,5,1715,4,870,0.507,0.8,4,1425,0.831,0.8,4,1579,0.921,0.8,5,1697,0.99,1.0,5,1714,0.999,1.0,5,1715,1.0,1.0,5,1715,1.0,1.0
268,275,1,1716,0,870,0.507,0.0,1,1426,0.831,1.0,1,1580,0.921,1.0,1,1698,0.99,1.0,1,1715,0.999,1.0,1,1716,1.0,1.0,1,1716,1.0,1.0
269,276,1,1717,1,871,0.507,1.0,1,1427,0.831,1.0,1,1581,0.921,1.0,1,1699,0.99,1.0,1,1716,0.999,1.0,1,1717,1.0,1.0,1,1717,1.0,1.0
270,277,1,1718,0,871,0.507,0.0,1,1428,0.831,1.0,1,1582,0.921,1.0,1,1700,0.99,1.0,1,1717,0.999,1.0,1,1718,1.0,1.0,1,1718,1.0,1.0
271,278,1,1719,1,872,0.507,1.0,1,1429,0.831,1.0,1,1583,0.921,1.0,1,1701,0.99,1.0,1,1718,0.999,1.0,1,1719,1.0,1.0,1,1719,1.0,1.0
272,279,1,1720,0,872,0.507,0.0,1,1430,0.831,1.0,1,1584,0.921,1.0,1,1702,0.99,1.0,1,1719,0.999,1.0,1,1720,1.0,1.0,1,1720,1.0,1.0
273,281,3,1723,2,874,0.507,0.667,2,1432,0.831,0.667,3,1587,0.921,1.0,3,1705,0.99,1.0,3,1722,0.999,1.0,3,1723,1.0,1.0,3,1723,1.0,1.0
274,282,4,1727,2,876,0.507,0.5,3,1435,0.831,0.75,4,1591,0.921,1.0,4,1709,0.99,1.0,4,1726,0.999,1.0,4,1727,1.0,1.0,4,1727,1.0,1.0
275,283,1,1728,0,876,0.507,0.0,0,1435,0.83,0.0,0,1591,0.921,0.0,1,1710,0.99,1.0,1,1727,0.999,1.0,1,1728,1.0,1.0,1,1728,1.0,1.0
276,284,2,1730,0,876,0.506,0.0,2,1437,0.831,1.0,2,1593,0.921,1.0,2,1712,0.99,1.0,2,1729,0.999,1.0,2,1730,1.0,1.0,2,1730,1.0,1.0
277,286,2,1732,0,876,0.506,0.0,2,1439,0.831,1.0,2,1595,0.921,1.0,2,1714,0.99,1.0,2,1731,0.999,1.0,2,1732,1.0,1.0,2,1732,1.0,1.0
278,287,1,1733,1,877,0.506,1.0,1,1440,0.831,1.0,1,1596,0.921,1.0,1,1715,0.99,1.0,1,1732,0.999,1.0,1,1733,1.0,1.0,1,1733,1.0,1.0
279,289,1,1734,1,878,0.506,1.0,1,1441,0.831,1.0,1,1597,0.921,1.0,1,1716,0.99,1.0,1,1733,0.999,1.0,1,1734,1.0,1.0,1,1734,1.0,1.0
280,290,1,1735,0,878,0.506,0.0,1,1442,0.831,1.0,1,1598,0.921,1.0,1,1717,0.99,1.0,1,1734,0.999,1.0,1,1735,1.0,1.0,1,1735,1.0,1.0
281,291,2,1737,1,879,0.506,0.5,1,1443,0.831,0.5,2,1600,0.921,1.0,2,1719,0.99,1.0,2,1736,0.999,1.0,2,1737,1.0,1.0,2,1737,1.0,1.0
282,292,3,1740,1,880,0.506,0.333,3,1446,0.831,1.0,3,1603,0.921,1.0,3,1722,0.99,1.0,3,1739,0.999,1.0,3,1740,1.0,1.0,3,1740,1.0,1.0
283,293,2,1742,1,881,0.506,0.5,2,1448,0.831,1.0,2,1605,0.921,1.0,2,1724,0.99,1.0,2,1741,0.999,1.0,2,1742,1.0,1.0,2,1742,1.0,1.0
284,294,1,1743,1,882,0.506,1.0,1,1449,0.831,1.0,1,1606,0.921,1.0,1,1725,0.99,1.0,1,1742,0.999,1.0,1,1743,1.0,1.0,1,1743,1.0,1.0
285,296,1,1744,0,882,0.506,0.0,1,1450,0.831,1.0,1,1607,0.921,1.0,1,1726,0.99,1.0,1,1743,0.999,1.0,1,1744,1.0,1.0,1,1744,1.0,1.0
286,297,1,1745,1,883,0.506,1.0,1,1451,0.832,1.0,1,1608,0.921,1.0,1,1727,0.99,1.0,1,1744,0.999,1.0,1,1745,1.0,1.0,1,1745,1.0,1.0
287,298,1,1746,0,883,0.506,0.0,1,1452,0.832,1.0,1,1609,0.922,1.0,1,1728,0.99,1.0,1,1745,0.999,1.0,1,1746,1.0,1.0,1,1746,1.0,1.0
288,299,1,1747,1,884,0.506,1.0,1,1453,0.832,1.0,1,1610,0.922,1.0,1,1729,0.99,1.0,1,1746,0.999,1.0,1,1747,1.0,1.0,1,1747,1.0,1.0
289,301,1,1748,0,884,0.506,0.0,1,1454,0.832,1.0,1,1611,0.922,1.0,1,1730,0.99,1.0,1,1747,0.999,1.0,1,1748,1.0,1.0,1,1748,1.0,1.0
290,302,2,1750,2,886,0.506,1.0,2,1456,0.832,1.0,2,1613,0.922,1.0,2,1732,0.99,1.0,2,1749,0.999,1.0,2,1750,1.0,1.0,2,1750,1.0,1.0
291,303,1,1751,1,887,0.507,1.0,1,1457,0.832,1.0,1,1614,0.922,1.0,1,1733,0.99,1.0,1,1750,0.999,1.0,1,1751,1.0,1.0,1,1751,1.0,1.0
292,304,2,1753,2,889,0.507,1.0,2,1459,0.832,1.0,2,1616,0.922,1.0,2,1735,0.99,1.0,2,1752,0.999,1.0,2,1753,1.0,1.0,2,1753,1.0,1.0
293,305,2,1755,1,890,0.507,0.5,2,1461,0.832,1.0,2,1618,0.922,1.0,2,1737,0.99,1.0,2,1754,0.999,1.0,2,1755,1.0,1.0,2,1755,1.0,1.0
294,306,4,1759,4,894,0.508,1.0,4,1465,0.833,1.0,4,1622,0.922,1.0,4,1741,0.99,1.0,4,1758,0.999,1.0,4,1759,1.0,1.0,4,1759,1.0,1.0
295,307,4,1763,2,896,0.508,0.5,3,1468,0.833,0.75,4,1626,0.922,1.0,4,1745,0.99,1.0,4,1762,0.999,1.0,4,1763,1.0,1.0,4,1763,1.0,1.0
296,308,3,1766,2,898,0.508,0.667,2,1470,0.832,0.667,3,1629,0.922,1.0,3,1748,0.99,1.0,3,1765,0.999,1.0,3,1766,1.0,1.0,3,1766,1.0,1.0
297,309,1,1767,0,898,0.508,0.0,0,1470,0.832,0.0,1,1630,0.922,1.0,1,1749,0.99,1.0,1,1766,0.999,1.0,1,1767,1.0,1.0,1,1767,1.0,1.0
298,310,2,1769,1,899,0.508,0.5,2,1472,0.832,1.0,2,1632,0.923,1.0,2,1751,0.99,1.0,2,1768,0.999,1.0,2,1769,1.0,1.0,2,1769,1.0,1.0
299,312,1,1770,0,899,0.508,0.0,1,1473,0.832,1.0,1,1633,0.923,1.0,1,1752,0.99,1.0,1,1769,0.999,1.0,1,1770,1.0,1.0,1,1770,1.0,1.0
300,313,1,1771,1,900,0.508,1.0,1,1474,0.832,1.0,1,1634,0.923,1.0,1,1753,0.99,1.0,1,1770,0.999,1.0,1,1771,1.0,1.0,1,1771,1.0,1.0
301,314,2,1773,1,901,0.508,0.5,2,1476,0.832,1.0,2,1636,0.923,1.0,2,1755,0.99,1.0,2,1772,0.999,1.0,2,1773,1.0,1.0,2,1773,1.0,1.0
302,316,1,1774,1,902,0.508,1.0,1,1477,0.833,1.0,1,1637,0.923,1.0,1,1756,0.99,1.0,1,1773,0.999,1.0,1,1774,1.0,1.0,1,1774,1.0,1.0
303,317,2,1776,2,904,0.509,1.0,2,1479,0.833,1.0,2,1639,0.923,1.0,2,1758,0.99,1.0,2,1775,0.999,1.0,2,1776,1.0,1.0,2,1776,1.0,1.0
304,318,2,1778,2,906,0.51,1.0,2,1481,0.833,1.0,2,1641,0.923,1.0,2,1760,0.99,1.0,2,1777,0.999,1.0,2,1778,1.0,1.0,2,1778,1.0,1.0
305,319,1,1779,0,906,0.509,0.0,1,1482,0.833,1.0,1,1642,0.923,1.0,1,1761,0.99,1.0,1,1778,0.999,1.0,1,1779,1.0,1.0,1,1779,1.0,1.0
306,320,2,1781,2,908,0.51,1.0,2,1484,0.833,1.0,2,1644,0.923,1.0,2,1763,0.99,1.0,2,1780,0.999,1.0,2,1781,1.0,1.0,2,1781,1.0,1.0
307,321,1,1782,1,909,0.51,1.0,1,1485,0.833,1.0,1,1645,0.923,1.0,1,1764,0.99,1.0,1,1781,0.999,1.0,1,1782,1.0,1.0,1,1782,1.0,1.0
308,322,1,1783,0,909,0.51,0.0,1,1486,0.833,1.0,1,1646,0.923,1.0,1,1765,0.99,1.0,1,1782,0.999,1.0,1,1783,1.0,1.0,1,1783,1.0,1.0
309,323,3,1786,2,911,0.51,0.667,2,1488,0.833,0.667,3,1649,0.923,1.0,3,1768,0.99,1.0,3,1785,0.999,1.0,3,1786,1.0,1.0,3,1786,1.0,1.0
310,324,1,1787,1,912,0.51,1.0,1,1489,0.833,1.0,1,1650,0.923,1.0,1,1769,0.99,1.0,1,1786,0.999,1.0,1,1787,1.0,1.0,1,1787,1.0,1.0
311,325,1,1788,0,912,0.51,0.0,1,1490,0.833,1.0,1,1651,0.923,1.0,1,1770,0.99,1.0,1,1787,0.999,1.0,1,1788,1.0,1.0,1,1788,1.0,1.0
312,326,1,1789,1,913,0.51,1.0,1,1491,0.833,1.0,1,1652,0.923,1.0,1,1771,0.99,1.0,1,1788,0.999,1.0,1,1789,1.0,1.0,1,1789,1.0,1.0
313,328,2,1791,2,915,0.511,1.0,2,1493,0.834,1.0,2,1654,0.924,1.0,2,1773,0.99,1.0,2,1790,0.999,1.0,2,1791,1.0,1.0,2,1791,1.0,1.0
314,329,2,1793,1,916,0.511,0.5,2,1495,0.834,1.0,2,1656,0.924,1.0,2,1775,0.99,1.0,2,1792,0.999,1.0,2,1793,1.0,1.0,2,1793,1.0,1.0
315,331,1,1794,0,916,0.511,0.0,1,1496,0.834,1.0,1,1657,0.924,1.0,1,1776,0.99,1.0,1,1793,0.999,1.0,1,1794,1.0,1.0,1,1794,1.0,1.0
316,332,1,1795,1,917,0.511,1.0,1,1497,0.834,1.0,1,1658,0.924,1.0,1,1777,0.99,1.0,1,1794,0.999,1.0,1,1795,1.0,1.0,1,1795,1.0,1.0
317,333,2,1797,1,918,0.511,0.5,2,1499,0.834,1.0,2,1660,0.924,1.0,2,1779,0.99,1.0,2,1796,0.999,1.0,2,1797,1.0,1.0,2,1797,1.0,1.0
318,334,3,1800,2,920,0.511,0.667,3,1502,0.834,1.0,3,1663,0.924,1.0,3,1782,0.99,1.0,3,1799,0.999,1.0,3,1800,1.0,1.0,3,1800,1.0,1.0
319,335,1,1801,0,920,0.511,0.0,1,1503,0.835,1.0,1,1664,0.924,1.0,1,1783,0.99,1.0,1,1800,0.999,1.0,1,1801,1.0,1.0,1,1801,1.0,1.0
320,336,1,1802,0,920,0.511,0.0,1,1504,0.835,1.0,1,1665,0.924,1.0,1,1784,0.99,1.0,1,1801,0.999,1.0,1,1802,1.0,1.0,1,1802,1.0,1.0
321,337,2,1804,1,921,0.511,0.5,2,1506,0.835,1.0,2,1667,0.924,1.0,2,1786,0.99,1.0,2,1803,0.999,1.0,2,1804,1.0,1.0,2,1804,1.0,1.0
322,338,1,1805,1,922,0.511,1.0,1,1507,0.835,1.0,1,1668,0.924,1.0,1,1787,0.99,1.0,1,1804,0.999,1.0,1,1805,1.0,1.0,1,1805,1.0,1.0
323,339,2,1807,1,923,0.511,0.5,1,1508,0.835,0.5,1,1669,0.924,0.5,2,1789,0.99,1.0,2,1806,0.999,1.0,2,1807,1.0,1.0,2,1807,1.0,1.0
324,341,2,1809,2,925,0.511,1.0,2,1510,0.835,1.0,2,1671,0.924,1.0,2,1791,0.99,1.0,2,1808,0.999,1.0,2,1809,1.0,1.0,2,1809,1.0,1.0
325,344,1,1810,1,926,0.512,1.0,1,1511,0.835,1.0,1,1672,0.924,1.0,1,1792,0.99,1.0,1,1809,0.999,1.0,1,1810,1.0,1.0,1,1810,1.0,1.0
326,345,1,1811,1,927,0.512,1.0,1,1512,0.835,1.0,1,1673,0.924,1.0,1,1793,0.99,1.0,1,1810,0.999,1.0,1,1811,1.0,1.0,1,1811,1.0,1.0
327,347,1,1812,1,928,0.512,1.0,1,1513,0.835,1.0,1,1674,0.924,1.0,1,1794,0.99,1.0,1,1811,0.999,1.0,1,1812,1.0,1.0,1,1812,1.0,1.0
328,348,1,1813,1,929,0.512,1.0,1,1514,0.835,1.0,1,1675,0.924,1.0,1,1795,0.99,1.0,1,1812,0.999,1.0,1,1813,1.0,1.0,1,1813,1.0,1.0
329,349,1,1814,1,930,0.513,1.0,1,1515,0.835,1.0,1,1676,0.924,1.0,1,1796,0.99,1.0,1,1813,0.999,1.0,1,1814,1.0,1.0,1,1814,1.0,1.0
330,350,1,1815,1,931,0.513,1.0,1,1516,0.835,1.0,1,1677,0.924,1.0,1,1797,0.99,1.0,1,1814,0.999,1.0,1,1815,1.0,1.0,1,1815,1.0,1.0
331,351,2,1817,2,933,0.513,1.0,2,1518,0.835,1.0,2,1679,0.924,1.0,2,1799,0.99,1.0,2,1816,0.999,1.0,2,1817,1.0,1.0,2,1817,1.0,1.0
332,353,1,1818,0,933,0.513,0.0,1,1519,0.836,1.0,1,1680,0.924,1.0,1,1800,0.99,1.0,1,1817,0.999,1.0,1,1818,1.0,1.0,1,1818,1.0,1.0
333,354,1,1819,0,933,0.513,0.0,1,1520,0.836,1.0,1,1681,0.924,1.0,1,1801,0.99,1.0,1,1818,0.999,1.0,1,1819,1.0,1.0,1,1819,1.0,1.0
334,356,2,1821,2,935,0.513,1.0,2,1522,0.836,1.0,2,1683,0.924,1.0,2,1803,0.99,1.0,2,1820,0.999,1.0,2,1821,1.0,1.0,2,1821,1.0,1.0
335,358,1,1822,1,936,0.514,1.0,1,1523,0.836,1.0,1,1684,0.924,1.0,1,1804,0.99,1.0,1,1821,0.999,1.0,1,1822,1.0,1.0,1,1822,1.0,1.0
336,359,3,1825,2,938,0.514,0.667,3,1526,0.836,1.0,3,1687,0.924,1.0,3,1807,0.99,1.0,3,1824,0.999,1.0,3,1825,1.0,1.0,3,1825,1.0,1.0
337,360,5,1830,3,941,0.514,0.6,4,1530,0.836,0.8,5,1692,0.925,1.0,5,1812,0.99,1.0,5,1829,0.999,1.0,5,1830,1.0,1.0,5,1830,1.0,1.0
338,361,1,1831,1,942,0.514,1.0,1,1531,0.836,1.0,1,1693,0.925,1.0,1,1813,0.99,1.0,1,1830,0.999,1.0,1,1831,1.0,1.0,1,1831,1.0,1.0
339,362,1,1832,1,943,0.515,1.0,1,1532,0.836,1.0,1,1694,0.925,1.0,1,1814,0.99,1.0,1,1831,0.999,1.0,1,1832,1.0,1.0,1,1832,1.0,1.0
340,363,1,1833,1,944,0.515,1.0,1,1533,0.836,1.0,1,1695,0.925,1.0,1,1815,0.99,1.0,1,1832,0.999,1.0,1,1833,1.0,1.0,1,1833,1.0,1.0
341,364,2,1835,1,945,0.515,0.5,1,1534,0.836,0.5,2,1697,0.925,1.0,2,1817,0.99,1.0,2,1834,0.999,1.0,2,1835,1.0,1.0,2,1835,1.0,1.0
342,365,2,1837,1,946,0.515,0.5,2,1536,0.836,1.0,2,1699,0.925,1.0,2,1819,0.99,1.0,2,1836,0.999,1.0,2,1837,1.0,1.0,2,1837,1.0,1.0
343,366,1,1838,1,947,0.515,1.0,1,1537,0.836,1.0,1,1700,0.925,1.0,1,1820,0.99,1.0,1,1837,0.999,1.0,1,1838,1.0,1.0,1,1838,1.0,1.0
344,369,1,1839,0,947,0.515,0.0,1,1538,0.836,1.0,1,1701,0.925,1.0,1,1821,0.99,1.0,1,1838,0.999,1.0,1,1839,1.0,1.0,1,1839,1.0,1.0
345,371,1,1840,1,948,0.515,1.0,1,1539,0.836,1.0,1,1702,0.925,1.0,1,1822,0.99,1.0,1,1839,0.999,1.0,1,1840,1.0,1.0,1,1840,1.0,1.0
346,373,4,1844,3,951,0.516,0.75,4,1543,0.837,1.0,4,1706,0.925,1.0,4,1826,0.99,1.0,4,1843,0.999,1.0,4,1844,1.0,1.0,4,1844,1.0,1.0
347,376,1,1845,1,952,0.516,1.0,1,1544,0.837,1.0,1,1707,0.925,1.0,1,1827,0.99,1.0,1,1844,0.999,1.0,1,1845,1.0,1.0,1,1845,1.0,1.0
348,380,1,1846,0,952,0.516,0.0,1,1545,0.837,1.0,1,1708,0.925,1.0,1,1828,0.99,1.0,1,1845,0.999,1.0,1,1846,1.0,1.0,1,1846,1.0,1.0
349,383,2,1848,2,954,0.516,1.0,2,1547,0.837,1.0,2,1710,0.925,1.0,2,1830,0.99,1.0,2,1847,0.999,1.0,2,1848,1.0,1.0,2,1848,1.0,1.0
350,385,2,1850,1,955,0.516,0.5,1,1548,0.837,0.5,1,1711,0.925,0.5,2,1832,0.99,1.0,2,1849,0.999,1.0,2,1850,1.0,1.0,2,1850,1.0,1.0
351,397,3,1853,3,958,0.517,1.0,3,1551,0.837,1.0,3,1714,0.925,1.0,3,1835,0.99,1.0,3,1852,0.999,1.0,3,1853,1.0,1.0,3,1853,1.0,1.0
352,398,1,1854,1,959,0.517,1.0,1,1552,0.837,1.0,1,1715,0.925,1.0,1,1836,0.99,1.0,1,1853,0.999,1.0,1,1854,1.0,1.0,1,1854,1.0,1.0
353,401,1,1855,1,960,0.518,1.0,1,1553,0.837,1.0,1,1716,0.925,1.0,1,1837,0.99,1.0,1,1854,0.999,1.0,1,1855,1.0,1.0,1,1855,1.0,1.0
354,403,1,1856,1,961,0.518,1.0,1,1554,0.837,1.0,1,1717,0.925,1.0,1,1838,0.99,1.0,1,1855,0.999,1.0,1,1856,1.0,1.0,1,1856,1.0,1.0
355,404,2,1858,1,962,0.518,0.5,2,1556,0.837,1.0,2,1719,0.925,1.0,2,1840,0.99,1.0,2,1857,0.999,1.0,2,1858,1.0,1.0,2,1858,1.0,1.0
356,406,1,1859,1,963,0.518,1.0,1,1557,0.838,1.0,1,1720,0.925,1.0,1,1841,0.99,1.0,1,1858,0.999,1.0,1,1859,1.0,1.0,1,1859,1.0,1.0
357,407,1,1860,1,964,0.518,1.0,1,1558,0.838,1.0,1,1721,0.925,1.0,1,1842,0.99,1.0,1,1859,0.999,1.0,1,1860,1.0,1.0,1,1860,1.0,1.0
358,409,3,1863,3,967,0.519,1.0,3,1561,0.838,1.0,3,1724,0.925,1.0,3,1845,0.99,1.0,3,1862,0.999,1.0,3,1863,1.0,1.0,3,1863,1.0,1.0
359,410,1,1864,1,968,0.519,1.0,1,1562,0.838,1.0,1,1725,0.925,1.0,1,1846,0.99,1.0,1,1863,0.999,1.0,1,1864,1.0,1.0,1,1864,1.0,1.0
360,412,3,1867,3,971,0.52,1.0,3,1565,0.838,1.0,3,1728,0.926,1.0,3,1849,0.99,1.0,3,1866,0.999,1.0,3,1867,1.0,1.0,3,1867,1.0,1.0
361,414,2,1869,1,972,0.52,0.5,2,1567,0.838,1.0,2,1730,0.926,1.0,2,1851,0.99,1.0,2,1868,0.999,1.0,2,1869,1.0,1.0,2,1869,1.0,1.0
362,415,1,1870,0,972,0.52,0.0,1,1568,0.839,1.0,1,1731,0.926,1.0,1,1852,0.99,1.0,1,1869,0.999,1.0,1,1870,1.0,1.0,1,1870,1.0,1.0
363,422,1,1871,1,973,0.52,1.0,1,1569,0.839,1.0,1,1732,0.926,1.0,1,1853,0.99,1.0,1,1870,0.999,1.0,1,1871,1.0,1.0,1,1871,1.0,1.0
364,424,1,1872,1,974,0.52,1.0,1,1570,0.839,1.0,1,1733,0.926,1.0,1,1854,0.99,1.0,1,1871,0.999,1.0,1,1872,1.0,1.0,1,1872,1.0,1.0
365,426,2,1874,0,974,0.52,0.0,2,1572,0.839,1.0,2,1735,0.926,1.0,2,1856,0.99,1.0,2,1873,0.999,1.0,2,1874,1.0,1.0,2,1874,1.0,1.0
366,427,1,1875,1,975,0.52,1.0,1,1573,0.839,1.0,1,1736,0.926,1.0,1,1857,0.99,1.0,1,1874,0.999,1.0,1,1875,1.0,1.0,1,1875,1.0,1.0
367,428,1,1876,1,976,0.52,1.0,1,1574,0.839,1.0,1,1737,0.926,1.0,1,1858,0.99,1.0,1,1875,0.999,1.0,1,1876,1.0,1.0,1,1876,1.0,1.0
368,429,1,1877,0,976,0.52,0.0,1,1575,0.839,1.0,1,1738,0.926,1.0,1,1859,0.99,1.0,1,1876,0.999,1.0,1,1877,1.0,1.0,1,1877,1.0,1.0
369,433,3,1880,2,978,0.52,0.667,3,1578,0.839,1.0,3,1741,0.926,1.0,3,1862,0.99,1.0,3,1879,0.999,1.0,3,1880,1.0,1.0,3,1880,1.0,1.0
370,437,1,1881,1,979,0.52,1.0,1,1579,0.839,1.0,1,1742,0.926,1.0,1,1863,0.99,1.0,1,1880,0.999,1.0,1,1881,1.0,1.0,1,1881,1.0,1.0
371,439,1,1882,1,980,0.521,1.0,1,1580,0.84,1.0,1,1743,0.926,1.0,1,1864,0.99,1.0,1,1881,0.999,1.0,1,1882,1.0,1.0,1,1882,1.0,1.0
372,442,1,1883,1,981,0.521,1.0,1,1581,0.84,1.0,1,1744,0.926,1.0,1,1865,0.99,1.0,1,1882,0.999,1.0,1,1883,1.0,1.0,1,1883,1.0,1.0
373,443,2,1885,2,983,0.521,1.0,2,1583,0.84,1.0,2,1746,0.926,1.0,2,1867,0.99,1.0,2,1884,0.999,1.0,2,1885,1.0,1.0,2,1885,1.0,1.0
374,446,1,1886,1,984,0.522,1.0,1,1584,0.84,1.0,1,1747,0.926,1.0,1,1868,0.99,1.0,1,1885,0.999,1.0,1,1886,1.0,1.0,1,1886,1.0,1.0
375,448,1,1887,1,985,0.522,1.0,1,1585,0.84,1.0,1,1748,0.926,1.0,1,1869,0.99,1.0,1,1886,0.999,1.0,1,1887,1.0,1.0,1,1887,1.0,1.0
376,450,1,1888,1,986,0.522,1.0,1,1586,0.84,1.0,1,1749,0.926,1.0,1,1870,0.99,1.0,1,1887,0.999,1.0,1,1888,1.0,1.0,1,1888,1.0,1.0
377,451,1,1889,1,987,0.522,1.0,1,1587,0.84,1.0,1,1750,0.926,1.0,1,1871,0.99,1.0,1,1888,0.999,1.0,1,1889,1.0,1.0,1,1889,1.0,1.0
378,456,2,1891,2,989,0.523,1.0,2,1589,0.84,1.0,2,1752,0.926,1.0,2,1873,0.99,1.0,2,1890,0.999,1.0,2,1891,1.0,1.0,2,1891,1.0,1.0
379,461,1,1892,1,990,0.523,1.0,1,1590,0.84,1.0,1,1753,0.927,1.0,1,1874,0.99,1.0,1,1891,0.999,1.0,1,1892,1.0,1.0,1,1892,1.0,1.0
380,466,1,1893,1,991,0.524,1.0,1,1591,0.84,1.0,1,1754,0.927,1.0,1,1875,0.99,1.0,1,1892,0.999,1.0,1,1893,1.0,1.0,1,1893,1.0,1.0
381,468,1,1894,0,991,0.523,0.0,1,1592,0.841,1.0,1,1755,0.927,1.0,1,1876,0.99,1.0,1,1893,0.999,1.0,1,1894,1.0,1.0,1,1894,1.0,1.0
382,471,1,1895,1,992,0.523,1.0,1,1593,0.841,1.0,1,1756,0.927,1.0,1,1877,0.991,1.0,1,1894,0.999,1.0,1,1895,1.0,1.0,1,1895,1.0,1.0
383,473,1,1896,1,993,0.524,1.0,1,1594,0.841,1.0,1,1757,0.927,1.0,1,1878,0.991,1.0,1,1895,0.999,1.0,1,1896,1.0,1.0,1,1896,1.0,1.0
384,475,2,1898,2,995,0.524,1.0,2,1596,0.841,1.0,2,1759,0.927,1.0,2,1880,0.991,1.0,2,1897,0.999,1.0,2,1898,1.0,1.0,2,1898,1.0,1.0
385,476,1,1899,1,996,0.524,1.0,1,1597,0.841,1.0,1,1760,0.927,1.0,1,1881,0.991,1.0,1,1898,0.999,1.0,1,1899,1.0,1.0,1,1899,1.0,1.0
386,481,1,1900,1,997,0.525,1.0,1,1598,0.841,1.0,1,1761,0.927,1.0,1,1882,0.991,1.0,1,1899,0.999,1.0,1,1900,1.0,1.0,1,1900,1.0,1.0
387,491,1,1901,1,998,0.525,1.0,1,1599,0.841,1.0,1,1762,0.927,1.0,1,1883,0.991,1.0,1,1900,0.999,1.0,1,1901,1.0,1.0,1,1901,1.0,1.0
388,497,1,1902,1,999,0.525,1.0,1,1600,0.841,1.0,1,1763,0.927,1.0,1,1884,0.991,1.0,1,1901,0.999,1.0,1,1902,1.0,1.0,1,1902,1.0,1.0
389,502,1,1903,1,1000,0.525,1.0,1,1601,0.841,1.0,1,1764,0.927,1.0,1,1885,0.991,1.0,1,1902,0.999,1.0,1,1903,1.0,1.0,1,1903,1.0,1.0
390,508,1,1904,1,1001,0.526,1.0,1,1602,0.841,1.0,1,1765,0.927,1.0,1,1886,0.991,1.0,1,1903,0.999,1.0,1,1904,1.0,1.0,1,1904,1.0,1.0
391,517,1,1905,1,1002,0.526,1.0,1,1603,0.841,1.0,1,1766,0.927,1.0,1,1887,0.991,1.0,1,1904,0.999,1.0,1,1905,1.0,1.0,1,1905,1.0,1.0
392,523,2,1907,0,1002,0.525,0.0,2,1605,0.842,1.0,2,1768,0.927,1.0,2,1889,0.991,1.0,2,1906,0.999,1.0,2,1907,1.0,1.0,2,1907,1.0,1.0
393,526,1,1908,1,1003,0.526,1.0,1,1606,0.842,1.0,1,1769,0.927,1.0,1,1890,0.991,1.0,1,1907,0.999,1.0,1,1908,1.0,1.0,1,1908,1.0,1.0
394,528,1,1909,0,1003,0.525,0.0,1,1607,0.842,1.0,1,1770,0.927,1.0,1,1891,0.991,1.0,1,1908,0.999,1.0,1,1909,1.0,1.0,1,1909,1.0,1.0
395,532,2,1911,2,1005,0.526,1.0,2,1609,0.842,1.0,2,1772,0.927,1.0,2,1893,0.991,1.0,2,1910,0.999,1.0,2,1911,1.0,1.0,2,1911,1.0,1.0
396,533,1,1912,1,1006,0.526,1.0,1,1610,0.842,1.0,1,1773,0.927,1.0,1,1894,0.991,1.0,1,1911,0.999,1.0,1,1912,1.0,1.0,1,1912,1.0,1.0
397,538,1,1913,1,1007,0.526,1.0,1,1611,0.842,1.0,1,1774,0.927,1.0,1,1895,0.991,1.0,1,1912,0.999,1.0,1,1913,1.0,1.0,1,1913,1.0,1.0
398,540,1,1914,0,1007,0.526,0.0,1,1612,0.842,1.0,1,1775,0.927,1.0,1,1896,0.991,1.0,1,1913,0.999,1.0,1,1914,1.0,1.0,1,1914,1.0,1.0
399,541,1,1915,1,1008,0.526,1.0,1,1613,0.842,1.0,1,1776,0.927,1.0,1,1897,0.991,1.0,1,1914,0.999,1.0,1,1915,1.0,1.0,1,1915,1.0,1.0
400,543,1,1916,1,1009,0.527,1.0,1,1614,0.842,1.0,1,1777,0.927,1.0,1,1898,0.991,1.0,1,1915,0.999,1.0,1,1916,1.0,1.0,1,1916,1.0,1.0
401,545,1,1917,1,1010,0.527,1.0,1,1615,0.842,1.0,1,1778,0.927,1.0,1,1899,0.991,1.0,1,1916,0.999,1.0,1,1917,1.0,1.0,1,1917,1.0,1.0
402,546,1,1918,1,1011,0.527,1.0,1,1616,0.843,1.0,1,1779,0.928,1.0,1,1900,0.991,1.0,1,1917,0.999,1.0,1,1918,1.0,1.0,1,1918,1.0,1.0
403,548,1,1919,1,1012,0.527,1.0,1,1617,0.843,1.0,1,1780,0.928,1.0,1,1901,0.991,1.0,1,1918,0.999,1.0,1,1919,1.0,1.0,1,1919,1.0,1.0
404,551,1,1920,1,1013,0.528,1.0,1,1618,0.843,1.0,1,1781,0.928,1.0,1,1902,0.991,1.0,1,1919,0.999,1.0,1,1920,1.0,1.0,1,1920,1.0,1.0
405,553,1,1921,1,1014,0.528,1.0,1,1619,0.843,1.0,1,1782,0.928,1.0,1,1903,0.991,1.0,1,1920,0.999,1.0,1,1921,1.0,1.0,1,1921,1.0,1.0
406,563,1,1922,0,1014,0.528,0.0,1,1620,0.843,1.0,1,1783,0.928,1.0,1,1904,0.991,1.0,1,1921,0.999,1.0,1,1922,1.0,1.0,1,1922,1.0,1.0
407,564,1,1923,1,1015,0.528,1.0,1,1621,0.843,1.0,1,1784,0.928,1.0,1,1905,0.991,1.0,1,1922,0.999,1.0,1,1923,1.0,1.0,1,1923,1.0,1.0
408,579,1,1924,1,1016,0.528,1.0,1,1622,0.843,1.0,1,1785,0.928,1.0,1,1906,0.991,1.0,1,1923,0.999,1.0,1,1924,1.0,1.0,1,1924,1.0,1.0
409,580,2,1926,2,1018,0.529,1.0,2,1624,0.843,1.0,2,1787,0.928,1.0,2,1908,0.991,1.0,2,1925,0.999,1.0,2,1926,1.0,1.0,2,1926,1.0,1.0
410,587,1,1927,1,1019,0.529,1.0,1,1625,0.843,1.0,1,1788,0.928,1.0,1,1909,0.991,1.0,1,1926,0.999,1.0,1,1927,1.0,1.0,1,1927,1.0,1.0
411,604,1,1928,1,1020,0.529,1.0,1,1626,0.843,1.0,1,1789,0.928,1.0,1,1910,0.991,1.0,1,1927,0.999,1.0,1,1928,1.0,1.0,1,1928,1.0,1.0
412,612,1,1929,1,1021,0.529,1.0,1,1627,0.843,1.0,1,1790,0.928,1.0,1,1911,0.991,1.0,1,1928,0.999,1.0,1,1929,1.0,1.0,1,1929,1.0,1.0
413,632,1,1930,1,1022,0.53,1.0,1,1628,0.844,1.0,1,1791,0.928,1.0,1,1912,0.991,1.0,1,1929,0.999,1.0,1,1930,1.0,1.0,1,1930,1.0,1.0
414,639,1,1931,1,1023,0.53,1.0,1,1629,0.844,1.0,1,1792,0.928,1.0,1,1913,0.991,1.0,1,1930,0.999,1.0,1,1931,1.0,1.0,1,1931,1.0,1.0
415,643,1,1932,1,1024,0.53,1.0,1,1630,0.844,1.0,1,1793,0.928,1.0,1,1914,0.991,1.0,1,1931,0.999,1.0,1,1932,1.0,1.0,1,1932,1.0,1.0
416,651,1,1933,1,1025,0.53,1.0,1,1631,0.844,1.0,1,1794,0.928,1.0,1,1915,0.991,1.0,1,1932,0.999,1.0,1,1933,1.0,1.0,1,1933,1.0,1.0
417,653,1,1934,1,1026,0.531,1.0,1,1632,0.844,1.0,1,1795,0.928,1.0,1,1916,0.991,1.0,1,1933,0.999,1.0,1,1934,1.0,1.0,1,1934,1.0,1.0
418,655,1,1935,1,1027,0.531,1.0,1,1633,0.844,1.0,1,1796,0.928,1.0,1,1917,0.991,1.0,1,1934,0.999,1.0,1,1935,1.0,1.0,1,1935,1.0,1.0
419,656,1,1936,1,1028,0.531,1.0,1,1634,0.844,1.0,1,1797,0.928,1.0,1,1918,0.991,1.0,1,1935,0.999,1.0,1,1936,1.0,1.0,1,1936,1.0,1.0
420,677,1,1937,1,1029,0.531,1.0,1,1635,0.844,1.0,1,1798,0.928,1.0,1,1919,0.991,1.0,1,1936,0.999,1.0,1,1937,1.0,1.0,1,1937,1.0,1.0
421,683,1,1938,1,1030,0.531,1.0,1,1636,0.844,1.0,1,1799,0.928,1.0,1,1920,0.991,1.0,1,1937,0.999,1.0,1,1938,1.0,1.0,1,1938,1.0,1.0
422,684,1,1939,0,1030,0.531,0.0,1,1637,0.844,1.0,1,1800,0.928,1.0,1,1921,0.991,1.0,1,1938,0.999,1.0,1,1939,1.0,1.0,1,1939,1.0,1.0
423,690,1,1940,0,1030,0.531,0.0,1,1638,0.844,1.0,1,1801,0.928,1.0,1,1922,0.991,1.0,1,1939,0.999,1.0,1,1940,1.0,1.0,1,1940,1.0,1.0
424,721,1,1941,0,1030,0.531,0.0,1,1639,0.844,1.0,1,1802,0.928,1.0,1,1923,0.991,1.0,1,1940,0.999,1.0,1,1941,1.0,1.0,1,1941,1.0,1.0
425,723,1,1942,0,1030,0.53,0.0,1,1640,0.844,1.0,1,1803,0.928,1.0,1,1924,0.991,1.0,1,1941,0.999,1.0,1,1942,1.0,1.0,1,1942,1.0,1.0
426,726,1,1943,1,1031,0.531,1.0,1,1641,0.845,1.0,1,1804,0.928,1.0,1,1925,0.991,1.0,1,1942,0.999,1.0,1,1943,1.0,1.0,1,1943,1.0,1.0
427,754,1,1944,1,1032,0.531,1.0,1,1642,0.845,1.0,1,1805,0.928,1.0,1,1926,0.991,1.0,1,1943,0.999,1.0,1,1944,1.0,1.0,1,1944,1.0,1.0
428,780,1,1945,1,1033,0.531,1.0,1,1643,0.845,1.0,1,1806,0.929,1.0,1,1927,0.991,1.0,1,1944,0.999,1.0,1,1945,1.0,1.0,1,1945,1.0,1.0
429,785,1,1946,1,1034,0.531,1.0,1,1644,0.845,1.0,1,1807,0.929,1.0,1,1928,0.991,1.0,1,1945,0.999,1.0,1,1946,1.0,1.0,1,1946,1.0,1.0
430,801,1,1947,1,1035,0.532,1.0,1,1645,0.845,1.0,1,1808,0.929,1.0,1,1929,0.991,1.0,1,1946,0.999,1.0,1,1947,1.0,1.0,1,1947,1.0,1.0
431,802,1,1948,1,1036,0.532,1.0,1,1646,0.845,1.0,1,1809,0.929,1.0,1,1930,0.991,1.0,1,1947,0.999,1.0,1,1948,1.0,1.0,1,1948,1.0,1.0
432,852,1,1949,1,1037,0.532,1.0,1,1647,0.845,1.0,1,1810,0.929,1.0,1,1931,0.991,1.0,1,1948,0.999,1.0,1,1949,1.0,1.0,1,1949,1.0,1.0
433,853,2,1951,2,1039,0.533,1.0,2,1649,0.845,1.0,2,1812,0.929,1.0,2,1933,0.991,1.0,2,1950,0.999,1.0,2,1951,1.0,1.0,2,1951,1.0,1.0
434,855,1,1952,1,1040,0.533,1.0,1,1650,0.845,1.0,1,1813,0.929,1.0,1,1934,0.991,1.0,1,1951,0.999,1.0,1,1952,1.0,1.0,1,1952,1.0,1.0
435,925,1,1953,0,1040,0.533,0.0,1,1651,0.845,1.0,1,1814,0.929,1.0,1,1935,0.991,1.0,1,1952,0.999,1.0,1,1953,1.0,1.0,1,1953,1.0,1.0
436,945,1,1954,1,1041,0.533,1.0,1,1652,0.845,1.0,1,1815,0.929,1.0,1,1936,0.991,1.0,1,1953,0.999,1.0,1,1954,1.0,1.0,1,1954,1.0,1.0
437,951,1,1955,1,1042,0.533,1.0,1,1653,0.846,1.0,1,1816,0.929,1.0,1,1937,0.991,1.0,1,1954,0.999,1.0,1,1955,1.0,1.0,1,1955,1.0,1.0
438,989,1,1956,0,1042,0.533,0.0,1,1654,0.846,1.0,1,1817,0.929,1.0,1,1938,0.991,1.0,1,1955,0.999,1.0,1,1956,1.0,1.0,1,1956,1.0,1.0
