,idx,pop_num,pop_cum_num,ID_num_0.68,ID_cum_num_0.68,ID_cum_rate_0.68,ID_rate_0.68,ID_num_0.9,ID_cum_num_0.9,ID_cum_rate_0.9,ID_rate_0.9,ID_num_0.95,ID_cum_num_0.95,ID_cum_rate_0.95,ID_rate_0.95,ID_num_0.99,ID_cum_num_0.99,ID_cum_rate_0.99,ID_rate_0.99,ID_num_0.999,ID_cum_num_0.999,ID_cum_rate_0.999,ID_rate_0.999,ID_num_0.9999,ID_cum_num_0.9999,ID_cum_rate_0.9999,ID_rate_0.9999,ID_num_0.99999,ID_cum_num_0.99999,ID_cum_rate_0.99999,ID_rate_0.99999
0,1,1,1,1,1,1.0,1.0,1,1,1.0,1.0,1,1,1.0,1.0,1,1,1.0,1.0,1,1,1.0,1.0,1,1,1.0,1.0,1,1,1.0,1.0
1,2,2,3,1,2,0.667,0.5,1,2,0.667,0.5,2,3,1.0,1.0,2,3,1.0,1.0,2,3,1.0,1.0,2,3,1.0,1.0,2,3,1.0,1.0
2,3,3,6,1,3,0.5,0.333,2,4,0.667,0.667,2,5,0.833,0.667,2,5,0.833,0.667,3,6,1.0,1.0,3,6,1.0,1.0,3,6,1.0,1.0
3,4,2,8,2,5,0.625,1.0,2,6,0.75,1.0,2,7,0.875,1.0,2,7,0.875,1.0,2,8,1.0,1.0,2,8,1.0,1.0,2,8,1.0,1.0
4,5,3,11,1,6,0.545,0.333,2,8,0.727,0.667,2,9,0.818,0.667,3,10,0.909,1.0,3,11,1.0,1.0,3,11,1.0,1.0,3,11,1.0,1.0
5,6,6,17,5,11,0.647,0.833,5,13,0.765,0.833,5,14,0.824,0.833,6,16,0.941,1.0,6,17,1.0,1.0,6,17,1.0,1.0,6,17,1.0,1.0
6,7,4,21,3,14,0.667,0.75,4,17,0.81,1.0,4,18,0.857,1.0,4,20,0.952,1.0,4,21,1.0,1.0,4,21,1.0,1.0,4,21,1.0,1.0
7,8,4,25,3,17,0.68,0.75,4,21,0.84,1.0,4,22,0.88,1.0,4,24,0.96,1.0,4,25,1.0,1.0,4,25,1.0,1.0,4,25,1.0,1.0
8,9,3,28,2,19,0.679,0.667,3,24,0.857,1.0,3,25,0.893,1.0,3,27,0.964,1.0,3,28,1.0,1.0,3,28,1.0,1.0,3,28,1.0,1.0
9,10,2,30,2,21,0.7,1.0,2,26,0.867,1.0,2,27,0.9,1.0,2,29,0.967,1.0,2,30,1.0,1.0,2,30,1.0,1.0,2,30,1.0,1.0
10,11,3,33,2,23,0.697,0.667,3,29,0.879,1.0,3,30,0.909,1.0,3,32,0.97,1.0,3,33,1.0,1.0,3,33,1.0,1.0,3,33,1.0,1.0
11,12,3,36,1,24,0.667,0.333,3,32,0.889,1.0,3,33,0.917,1.0,3,35,0.972,1.0,3,36,1.0,1.0,3,36,1.0,1.0,3,36,1.0,1.0
12,13,3,39,3,27,0.692,1.0,3,35,0.897,1.0,3,36,0.923,1.0,3,38,0.974,1.0,3,39,1.0,1.0,3,39,1.0,1.0,3,39,1.0,1.0
13,14,6,45,3,30,0.667,0.5,6,41,0.911,1.0,6,42,0.933,1.0,6,44,0.978,1.0,6,45,1.0,1.0,6,45,1.0,1.0,6,45,1.0,1.0
14,15,7,52,4,34,0.654,0.571,5,46,0.885,0.714,5,47,0.904,0.714,7,51,0.981,1.0,7,52,1.0,1.0,7,52,1.0,1.0,7,52,1.0,1.0
15,16,3,55,2,36,0.655,0.667,3,49,0.891,1.0,3,50,0.909,1.0,3,54,0.982,1.0,3,55,1.0,1.0,3,55,1.0,1.0,3,55,1.0,1.0
16,17,7,62,6,42,0.677,0.857,7,56,0.903,1.0,7,57,0.919,1.0,7,61,0.984,1.0,7,62,1.0,1.0,7,62,1.0,1.0,7,62,1.0,1.0
17,18,6,68,6,48,0.706,1.0,6,62,0.912,1.0,6,63,0.926,1.0,6,67,0.985,1.0,6,68,1.0,1.0,6,68,1.0,1.0,6,68,1.0,1.0
18,19,8,76,4,52,0.684,0.5,7,69,0.908,0.875,8,71,0.934,1.0,8,75,0.987,1.0,8,76,1.0,1.0,8,76,1.0,1.0,8,76,1.0,1.0
19,20,3,79,1,53,0.671,0.333,2,71,0.899,0.667,2,73,0.924,0.667,3,78,0.987,1.0,3,79,1.0,1.0,3,79,1.0,1.0,3,79,1.0,1.0
20,21,4,83,4,57,0.687,1.0,4,75,0.904,1.0,4,77,0.928,1.0,4,82,0.988,1.0,4,83,1.0,1.0,4,83,1.0,1.0,4,83,1.0,1.0
21,22,7,90,5,62,0.689,0.714,6,81,0.9,0.857,6,83,0.922,0.857,7,89,0.989,1.0,7,90,1.0,1.0,7,90,1.0,1.0,7,90,1.0,1.0
22,23,7,97,6,68,0.701,0.857,7,88,0.907,1.0,7,90,0.928,1.0,7,96,0.99,1.0,7,97,1.0,1.0,7,97,1.0,1.0,7,97,1.0,1.0
23,24,4,101,3,71,0.703,0.75,3,91,0.901,0.75,3,93,0.921,0.75,4,100,0.99,1.0,4,101,1.0,1.0,4,101,1.0,1.0,4,101,1.0,1.0
24,25,5,106,5,76,0.717,1.0,5,96,0.906,1.0,5,98,0.925,1.0,5,105,0.991,1.0,5,106,1.0,1.0,5,106,1.0,1.0,5,106,1.0,1.0
25,26,2,108,2,78,0.722,1.0,2,98,0.907,1.0,2,100,0.926,1.0,2,107,0.991,1.0,2,108,1.0,1.0,2,108,1.0,1.0,2,108,1.0,1.0
26,27,3,111,2,80,0.721,0.667,2,100,0.901,0.667,3,103,0.928,1.0,3,110,0.991,1.0,3,111,1.0,1.0,3,111,1.0,1.0,3,111,1.0,1.0
27,28,2,113,2,82,0.726,1.0,2,102,0.903,1.0,2,105,0.929,1.0,2,112,0.991,1.0,2,113,1.0,1.0,2,113,1.0,1.0,2,113,1.0,1.0
28,29,6,119,5,87,0.731,0.833,5,107,0.899,0.833,5,110,0.924,0.833,6,118,0.992,1.0,6,119,1.0,1.0,6,119,1.0,1.0,6,119,1.0,1.0
29,30,6,125,5,92,0.736,0.833,6,113,0.904,1.0,6,116,0.928,1.0,6,124,0.992,1.0,6,125,1.0,1.0,6,125,1.0,1.0,6,125,1.0,1.0
30,31,8,133,7,99,0.744,0.875,8,121,0.91,1.0,8,124,0.932,1.0,8,132,0.992,1.0,8,133,1.0,1.0,8,133,1.0,1.0,8,133,1.0,1.0
31,32,4,137,2,101,0.737,0.5,4,125,0.912,1.0,4,128,0.934,1.0,4,136,0.993,1.0,4,137,1.0,1.0,4,137,1.0,1.0,4,137,1.0,1.0
32,33,8,145,8,109,0.752,1.0,8,133,0.917,1.0,8,136,0.938,1.0,8,144,0.993,1.0,8,145,1.0,1.0,8,145,1.0,1.0,8,145,1.0,1.0
33,34,8,153,5,114,0.745,0.625,8,141,0.922,1.0,8,144,0.941,1.0,8,152,0.993,1.0,8,153,1.0,1.0,8,153,1.0,1.0,8,153,1.0,1.0
34,35,11,164,9,123,0.75,0.818,11,152,0.927,1.0,11,155,0.945,1.0,11,163,0.994,1.0,11,164,1.0,1.0,11,164,1.0,1.0,11,164,1.0,1.0
35,36,6,170,3,126,0.741,0.5,5,157,0.924,0.833,6,161,0.947,1.0,6,169,0.994,1.0,6,170,1.0,1.0,6,170,1.0,1.0,6,170,1.0,1.0
36,37,9,179,6,132,0.737,0.667,8,165,0.922,0.889,8,169,0.944,0.889,9,178,0.994,1.0,9,179,1.0,1.0,9,179,1.0,1.0,9,179,1.0,1.0
37,38,12,191,8,140,0.733,0.667,10,175,0.916,0.833,12,181,0.948,1.0,12,190,0.995,1.0,12,191,1.0,1.0,12,191,1.0,1.0,12,191,1.0,1.0
38,39,9,200,6,146,0.73,0.667,7,182,0.91,0.778,9,190,0.95,1.0,9,199,0.995,1.0,9,200,1.0,1.0,9,200,1.0,1.0,9,200,1.0,1.0
39,40,8,208,5,151,0.726,0.625,7,189,0.909,0.875,8,198,0.952,1.0,8,207,0.995,1.0,8,208,1.0,1.0,8,208,1.0,1.0,8,208,1.0,1.0
40,41,10,218,5,156,0.716,0.5,10,199,0.913,1.0,10,208,0.954,1.0,10,217,0.995,1.0,10,218,1.0,1.0,10,218,1.0,1.0,10,218,1.0,1.0
41,42,5,223,3,159,0.713,0.6,5,204,0.915,1.0,5,213,0.955,1.0,5,222,0.996,1.0,5,223,1.0,1.0,5,223,1.0,1.0,5,223,1.0,1.0
42,43,5,228,5,164,0.719,1.0,5,209,0.917,1.0,5,218,0.956,1.0,5,227,0.996,1.0,5,228,1.0,1.0,5,228,1.0,1.0,5,228,1.0,1.0
43,44,4,232,3,167,0.72,0.75,4,213,0.918,1.0,4,222,0.957,1.0,4,231,0.996,1.0,4,232,1.0,1.0,4,232,1.0,1.0,4,232,1.0,1.0
44,45,11,243,9,176,0.724,0.818,11,224,0.922,1.0,11,233,0.959,1.0,11,242,0.996,1.0,11,243,1.0,1.0,11,243,1.0,1.0,11,243,1.0,1.0
45,46,10,253,8,184,0.727,0.8,9,233,0.921,0.9,9,242,0.957,0.9,10,252,0.996,1.0,10,253,1.0,1.0,10,253,1.0,1.0,10,253,1.0,1.0
46,47,11,264,7,191,0.723,0.636,9,242,0.917,0.818,10,252,0.955,0.909,11,263,0.996,1.0,11,264,1.0,1.0,11,264,1.0,1.0,11,264,1.0,1.0
47,48,8,272,6,197,0.724,0.75,7,249,0.915,0.875,8,260,0.956,1.0,8,271,0.996,1.0,8,272,1.0,1.0,8,272,1.0,1.0,8,272,1.0,1.0
48,49,11,283,8,205,0.724,0.727,11,260,0.919,1.0,11,271,0.958,1.0,11,282,0.996,1.0,11,283,1.0,1.0,11,283,1.0,1.0,11,283,1.0,1.0
49,50,9,292,4,209,0.716,0.444,8,268,0.918,0.889,8,279,0.955,0.889,9,291,0.997,1.0,9,292,1.0,1.0,9,292,1.0,1.0,9,292,1.0,1.0
50,51,8,300,8,217,0.723,1.0,8,276,0.92,1.0,8,287,0.957,1.0,8,299,0.997,1.0,8,300,1.0,1.0,8,300,1.0,1.0,8,300,1.0,1.0
51,52,8,308,7,224,0.727,0.875,8,284,0.922,1.0,8,295,0.958,1.0,8,307,0.997,1.0,8,308,1.0,1.0,8,308,1.0,1.0,8,308,1.0,1.0
52,53,9,317,8,232,0.732,0.889,9,293,0.924,1.0,9,304,0.959,1.0,9,316,0.997,1.0,9,317,1.0,1.0,9,317,1.0,1.0,9,317,1.0,1.0
53,54,9,326,8,240,0.736,0.889,9,302,0.926,1.0,9,313,0.96,1.0,9,325,0.997,1.0,9,326,1.0,1.0,9,326,1.0,1.0,9,326,1.0,1.0
54,55,9,335,4,244,0.728,0.444,7,309,0.922,0.778,9,322,0.961,1.0,9,334,0.997,1.0,9,335,1.0,1.0,9,335,1.0,1.0,9,335,1.0,1.0
55,56,9,344,5,249,0.724,0.556,8,317,0.922,0.889,9,331,0.962,1.0,9,343,0.997,1.0,9,344,1.0,1.0,9,344,1.0,1.0,9,344,1.0,1.0
56,57,8,352,3,252,0.716,0.375,6,323,0.918,0.75,7,338,0.96,0.875,8,351,0.997,1.0,8,352,1.0,1.0,8,352,1.0,1.0,8,352,1.0,1.0
57,58,9,361,6,258,0.715,0.667,8,331,0.917,0.889,8,346,0.958,0.889,8,359,0.994,0.889,9,361,1.0,1.0,9,361,1.0,1.0,9,361,1.0,1.0
58,59,5,366,2,260,0.71,0.4,4,335,0.915,0.8,4,350,0.956,0.8,5,364,0.995,1.0,5,366,1.0,1.0,5,366,1.0,1.0,5,366,1.0,1.0
59,60,7,373,4,264,0.708,0.571,6,341,0.914,0.857,6,356,0.954,0.857,7,371,0.995,1.0,7,373,1.0,1.0,7,373,1.0,1.0,7,373,1.0,1.0
60,61,8,381,6,270,0.709,0.75,8,349,0.916,1.0,8,364,0.955,1.0,8,379,0.995,1.0,8,381,1.0,1.0,8,381,1.0,1.0,8,381,1.0,1.0
61,62,9,390,6,276,0.708,0.667,8,357,0.915,0.889,9,373,0.956,1.0,9,388,0.995,1.0,9,390,1.0,1.0,9,390,1.0,1.0,9,390,1.0,1.0
62,63,9,399,5,281,0.704,0.556,7,364,0.912,0.778,7,380,0.952,0.778,9,397,0.995,1.0,9,399,1.0,1.0,9,399,1.0,1.0,9,399,1.0,1.0
63,64,2,401,1,282,0.703,0.5,1,365,0.91,0.5,1,381,0.95,0.5,2,399,0.995,1.0,2,401,1.0,1.0,2,401,1.0,1.0,2,401,1.0,1.0
64,65,8,409,3,285,0.697,0.375,8,373,0.912,1.0,8,389,0.951,1.0,8,407,0.995,1.0,8,409,1.0,1.0,8,409,1.0,1.0,8,409,1.0,1.0
65,66,7,416,5,290,0.697,0.714,7,380,0.913,1.0,7,396,0.952,1.0,7,414,0.995,1.0,7,416,1.0,1.0,7,416,1.0,1.0,7,416,1.0,1.0
66,67,6,422,3,293,0.694,0.5,6,386,0.915,1.0,6,402,0.953,1.0,6,420,0.995,1.0,6,422,1.0,1.0,6,422,1.0,1.0,6,422,1.0,1.0
67,68,8,430,5,298,0.693,0.625,7,393,0.914,0.875,8,410,0.953,1.0,8,428,0.995,1.0,8,430,1.0,1.0,8,430,1.0,1.0,8,430,1.0,1.0
68,69,5,435,1,299,0.687,0.2,4,397,0.913,0.8,4,414,0.952,0.8,5,433,0.995,1.0,5,435,1.0,1.0,5,435,1.0,1.0,5,435,1.0,1.0
69,70,9,444,5,304,0.685,0.556,9,406,0.914,1.0,9,423,0.953,1.0,9,442,0.995,1.0,9,444,1.0,1.0,9,444,1.0,1.0,9,444,1.0,1.0
70,71,11,455,7,311,0.684,0.636,7,413,0.908,0.636,8,431,0.947,0.727,11,453,0.996,1.0,11,455,1.0,1.0,11,455,1.0,1.0,11,455,1.0,1.0
71,72,9,464,3,314,0.677,0.333,7,420,0.905,0.778,8,439,0.946,0.889,8,461,0.994,0.889,9,464,1.0,1.0,9,464,1.0,1.0,9,464,1.0,1.0
72,73,7,471,4,318,0.675,0.571,7,427,0.907,1.0,7,446,0.947,1.0,7,468,0.994,1.0,7,471,1.0,1.0,7,471,1.0,1.0,7,471,1.0,1.0
73,74,10,481,4,322,0.669,0.4,8,435,0.904,0.8,9,455,0.946,0.9,10,478,0.994,1.0,10,481,1.0,1.0,10,481,1.0,1.0,10,481,1.0,1.0
74,75,4,485,2,324,0.668,0.5,3,438,0.903,0.75,3,458,0.944,0.75,4,482,0.994,1.0,4,485,1.0,1.0,4,485,1.0,1.0,4,485,1.0,1.0
75,76,7,492,4,328,0.667,0.571,6,444,0.902,0.857,6,464,0.943,0.857,7,489,0.994,1.0,7,492,1.0,1.0,7,492,1.0,1.0,7,492,1.0,1.0
76,77,7,499,4,332,0.665,0.571,7,451,0.904,1.0,7,471,0.944,1.0,7,496,0.994,1.0,7,499,1.0,1.0,7,499,1.0,1.0,7,499,1.0,1.0
77,78,7,506,5,337,0.666,0.714,5,456,0.901,0.714,5,476,0.941,0.714,6,502,0.992,0.857,7,506,1.0,1.0,7,506,1.0,1.0,7,506,1.0,1.0
78,79,11,517,7,344,0.665,0.636,10,466,0.901,0.909,11,487,0.942,1.0,11,513,0.992,1.0,11,517,1.0,1.0,11,517,1.0,1.0,11,517,1.0,1.0
79,80,8,525,8,352,0.67,1.0,8,474,0.903,1.0,8,495,0.943,1.0,8,521,0.992,1.0,8,525,1.0,1.0,8,525,1.0,1.0,8,525,1.0,1.0
80,81,8,533,4,356,0.668,0.5,7,481,0.902,0.875,7,502,0.942,0.875,8,529,0.992,1.0,8,533,1.0,1.0,8,533,1.0,1.0,8,533,1.0,1.0
81,82,9,542,7,363,0.67,0.778,9,490,0.904,1.0,9,511,0.943,1.0,9,538,0.993,1.0,9,542,1.0,1.0,9,542,1.0,1.0,9,542,1.0,1.0
82,83,5,547,0,363,0.664,0.0,2,492,0.899,0.4,4,515,0.941,0.8,5,543,0.993,1.0,5,547,1.0,1.0,5,547,1.0,1.0,5,547,1.0,1.0
83,84,10,557,7,370,0.664,0.7,9,501,0.899,0.9,10,525,0.943,1.0,10,553,0.993,1.0,10,557,1.0,1.0,10,557,1.0,1.0,10,557,1.0,1.0
84,85,8,565,4,374,0.662,0.5,7,508,0.899,0.875,7,532,0.942,0.875,8,561,0.993,1.0,8,565,1.0,1.0,8,565,1.0,1.0,8,565,1.0,1.0
85,86,5,570,4,378,0.663,0.8,5,513,0.9,1.0,5,537,0.942,1.0,5,566,0.993,1.0,5,570,1.0,1.0,5,570,1.0,1.0,5,570,1.0,1.0
86,87,4,574,2,380,0.662,0.5,4,517,0.901,1.0,4,541,0.943,1.0,4,570,0.993,1.0,4,574,1.0,1.0,4,574,1.0,1.0,4,574,1.0,1.0
87,88,6,580,4,384,0.662,0.667,6,523,0.902,1.0,6,547,0.943,1.0,6,576,0.993,1.0,6,580,1.0,1.0,6,580,1.0,1.0,6,580,1.0,1.0
88,89,5,585,3,387,0.662,0.6,4,527,0.901,0.8,4,551,0.942,0.8,5,581,0.993,1.0,5,585,1.0,1.0,5,585,1.0,1.0,5,585,1.0,1.0
89,90,6,591,3,390,0.66,0.5,5,532,0.9,0.833,6,557,0.942,1.0,6,587,0.993,1.0,6,591,1.0,1.0,6,591,1.0,1.0,6,591,1.0,1.0
90,91,3,594,2,392,0.66,0.667,3,535,0.901,1.0,3,560,0.943,1.0,3,590,0.993,1.0,3,594,1.0,1.0,3,594,1.0,1.0,3,594,1.0,1.0
91,92,6,600,4,396,0.66,0.667,5,540,0.9,0.833,5,565,0.942,0.833,6,596,0.993,1.0,6,600,1.0,1.0,6,600,1.0,1.0,6,600,1.0,1.0
92,93,12,612,5,401,0.655,0.417,9,549,0.897,0.75,9,574,0.938,0.75,12,608,0.993,1.0,12,612,1.0,1.0,12,612,1.0,1.0,12,612,1.0,1.0
93,94,7,619,4,405,0.654,0.571,5,554,0.895,0.714,6,580,0.937,0.857,7,615,0.994,1.0,7,619,1.0,1.0,7,619,1.0,1.0,7,619,1.0,1.0
94,95,6,625,3,408,0.653,0.5,5,559,0.894,0.833,5,585,0.936,0.833,6,621,0.994,1.0,6,625,1.0,1.0,6,625,1.0,1.0,6,625,1.0,1.0
95,96,9,634,3,411,0.648,0.333,8,567,0.894,0.889,9,594,0.937,1.0,9,630,0.994,1.0,9,634,1.0,1.0,9,634,1.0,1.0,9,634,1.0,1.0
96,97,8,642,6,417,0.65,0.75,7,574,0.894,0.875,8,602,0.938,1.0,8,638,0.994,1.0,8,642,1.0,1.0,8,642,1.0,1.0,8,642,1.0,1.0
97,98,9,651,6,423,0.65,0.667,7,581,0.892,0.778,9,611,0.939,1.0,9,647,0.994,1.0,9,651,1.0,1.0,9,651,1.0,1.0,9,651,1.0,1.0
98,99,6,657,4,427,0.65,0.667,6,587,0.893,1.0,6,617,0.939,1.0,6,653,0.994,1.0,6,657,1.0,1.0,6,657,1.0,1.0,6,657,1.0,1.0
99,100,7,664,4,431,0.649,0.571,6,593,0.893,0.857,7,624,0.94,1.0,7,660,0.994,1.0,7,664,1.0,1.0,7,664,1.0,1.0,7,664,1.0,1.0
100,101,8,672,5,436,0.649,0.625,7,600,0.893,0.875,8,632,0.94,1.0,8,668,0.994,1.0,8,672,1.0,1.0,8,672,1.0,1.0,8,672,1.0,1.0
101,102,8,680,8,444,0.653,1.0,8,608,0.894,1.0,8,640,0.941,1.0,8,676,0.994,1.0,8,680,1.0,1.0,8,680,1.0,1.0,8,680,1.0,1.0
102,103,8,688,3,447,0.65,0.375,6,614,0.892,0.75,6,646,0.939,0.75,8,684,0.994,1.0,8,688,1.0,1.0,8,688,1.0,1.0,8,688,1.0,1.0
103,104,10,698,5,452,0.648,0.5,8,622,0.891,0.8,8,654,0.937,0.8,10,694,0.994,1.0,10,698,1.0,1.0,10,698,1.0,1.0,10,698,1.0,1.0
104,105,7,705,5,457,0.648,0.714,7,629,0.892,1.0,7,661,0.938,1.0,7,701,0.994,1.0,7,705,1.0,1.0,7,705,1.0,1.0,7,705,1.0,1.0
105,106,2,707,1,458,0.648,0.5,1,630,0.891,0.5,1,662,0.936,0.5,2,703,0.994,1.0,2,707,1.0,1.0,2,707,1.0,1.0,2,707,1.0,1.0
106,107,4,711,3,461,0.648,0.75,4,634,0.892,1.0,4,666,0.937,1.0,4,707,0.994,1.0,4,711,1.0,1.0,4,711,1.0,1.0,4,711,1.0,1.0
107,108,10,721,6,467,0.648,0.6,9,643,0.892,0.9,10,676,0.938,1.0,10,717,0.994,1.0,10,721,1.0,1.0,10,721,1.0,1.0,10,721,1.0,1.0
108,109,6,727,4,471,0.648,0.667,5,648,0.891,0.833,5,681,0.937,0.833,6,723,0.994,1.0,6,727,1.0,1.0,6,727,1.0,1.0,6,727,1.0,1.0
109,110,8,735,6,477,0.649,0.75,7,655,0.891,0.875,7,688,0.936,0.875,8,731,0.995,1.0,8,735,1.0,1.0,8,735,1.0,1.0,8,735,1.0,1.0
110,111,7,742,2,479,0.646,0.286,4,659,0.888,0.571,5,693,0.934,0.714,7,738,0.995,1.0,7,742,1.0,1.0,7,742,1.0,1.0,7,742,1.0,1.0
111,112,9,751,6,485,0.646,0.667,8,667,0.888,0.889,8,701,0.933,0.889,9,747,0.995,1.0,9,751,1.0,1.0,9,751,1.0,1.0,9,751,1.0,1.0
112,113,4,755,1,486,0.644,0.25,3,670,0.887,0.75,3,704,0.932,0.75,4,751,0.995,1.0,4,755,1.0,1.0,4,755,1.0,1.0,4,755,1.0,1.0
113,114,9,764,3,489,0.64,0.333,8,678,0.887,0.889,9,713,0.933,1.0,9,760,0.995,1.0,9,764,1.0,1.0,9,764,1.0,1.0,9,764,1.0,1.0
114,115,7,771,3,492,0.638,0.429,7,685,0.888,1.0,7,720,0.934,1.0,7,767,0.995,1.0,7,771,1.0,1.0,7,771,1.0,1.0,7,771,1.0,1.0
115,116,5,776,3,495,0.638,0.6,5,690,0.889,1.0,5,725,0.934,1.0,5,772,0.995,1.0,5,776,1.0,1.0,5,776,1.0,1.0,5,776,1.0,1.0
116,117,3,779,1,496,0.637,0.333,1,691,0.887,0.333,3,728,0.935,1.0,3,775,0.995,1.0,3,779,1.0,1.0,3,779,1.0,1.0,3,779,1.0,1.0
117,118,4,783,2,498,0.636,0.5,4,695,0.888,1.0,4,732,0.935,1.0,4,779,0.995,1.0,4,783,1.0,1.0,4,783,1.0,1.0,4,783,1.0,1.0
118,119,13,796,7,505,0.634,0.538,10,705,0.886,0.769,12,744,0.935,0.923,13,792,0.995,1.0,13,796,1.0,1.0,13,796,1.0,1.0,13,796,1.0,1.0
119,120,13,809,7,512,0.633,0.538,12,717,0.886,0.923,13,757,0.936,1.0,13,805,0.995,1.0,13,809,1.0,1.0,13,809,1.0,1.0,13,809,1.0,1.0
120,121,4,813,1,513,0.631,0.25,4,721,0.887,1.0,4,761,0.936,1.0,4,809,0.995,1.0,4,813,1.0,1.0,4,813,1.0,1.0,4,813,1.0,1.0
121,122,7,820,7,520,0.634,1.0,7,728,0.888,1.0,7,768,0.937,1.0,7,816,0.995,1.0,7,820,1.0,1.0,7,820,1.0,1.0,7,820,1.0,1.0
122,123,4,824,0,520,0.631,0.0,3,731,0.887,0.75,3,771,0.936,0.75,4,820,0.995,1.0,4,824,1.0,1.0,4,824,1.0,1.0,4,824,1.0,1.0
123,124,3,827,2,522,0.631,0.667,3,734,0.888,1.0,3,774,0.936,1.0,3,823,0.995,1.0,3,827,1.0,1.0,3,827,1.0,1.0,3,827,1.0,1.0
124,125,4,831,3,525,0.632,0.75,4,738,0.888,1.0,4,778,0.936,1.0,4,827,0.995,1.0,4,831,1.0,1.0,4,831,1.0,1.0,4,831,1.0,1.0
125,126,8,839,7,532,0.634,0.875,7,745,0.888,0.875,8,786,0.937,1.0,8,835,0.995,1.0,8,839,1.0,1.0,8,839,1.0,1.0,8,839,1.0,1.0
126,127,3,842,3,535,0.635,1.0,3,748,0.888,1.0,3,789,0.937,1.0,3,838,0.995,1.0,3,842,1.0,1.0,3,842,1.0,1.0,3,842,1.0,1.0
127,128,10,852,5,540,0.634,0.5,8,756,0.887,0.8,10,799,0.938,1.0,10,848,0.995,1.0,10,852,1.0,1.0,10,852,1.0,1.0,10,852,1.0,1.0
128,129,3,855,1,541,0.633,0.333,3,759,0.888,1.0,3,802,0.938,1.0,3,851,0.995,1.0,3,855,1.0,1.0,3,855,1.0,1.0,3,855,1.0,1.0
129,130,5,860,5,546,0.635,1.0,5,764,0.888,1.0,5,807,0.938,1.0,5,856,0.995,1.0,5,860,1.0,1.0,5,860,1.0,1.0,5,860,1.0,1.0
130,131,7,867,4,550,0.634,0.571,6,770,0.888,0.857,6,813,0.938,0.857,7,863,0.995,1.0,7,867,1.0,1.0,7,867,1.0,1.0,7,867,1.0,1.0
131,132,5,872,1,551,0.632,0.2,3,773,0.886,0.6,4,817,0.937,0.8,5,868,0.995,1.0,5,872,1.0,1.0,5,872,1.0,1.0,5,872,1.0,1.0
132,133,7,879,3,554,0.63,0.429,6,779,0.886,0.857,6,823,0.936,0.857,7,875,0.995,1.0,7,879,1.0,1.0,7,879,1.0,1.0,7,879,1.0,1.0
133,134,3,882,2,556,0.63,0.667,3,782,0.887,1.0,3,826,0.937,1.0,3,878,0.995,1.0,3,882,1.0,1.0,3,882,1.0,1.0,3,882,1.0,1.0
134,135,6,888,3,559,0.63,0.5,6,788,0.887,1.0,6,832,0.937,1.0,6,884,0.995,1.0,6,888,1.0,1.0,6,888,1.0,1.0,6,888,1.0,1.0
135,136,7,895,4,563,0.629,0.571,6,794,0.887,0.857,6,838,0.936,0.857,7,891,0.996,1.0,7,895,1.0,1.0,7,895,1.0,1.0,7,895,1.0,1.0
136,137,6,901,4,567,0.629,0.667,6,800,0.888,1.0,6,844,0.937,1.0,6,897,0.996,1.0,6,901,1.0,1.0,6,901,1.0,1.0,6,901,1.0,1.0
137,138,5,906,3,570,0.629,0.6,5,805,0.889,1.0,5,849,0.937,1.0,5,902,0.996,1.0,5,906,1.0,1.0,5,906,1.0,1.0,5,906,1.0,1.0
138,139,6,912,5,575,0.63,0.833,6,811,0.889,1.0,6,855,0.938,1.0,6,908,0.996,1.0,6,912,1.0,1.0,6,912,1.0,1.0,6,912,1.0,1.0
139,140,3,915,1,576,0.63,0.333,3,814,0.89,1.0,3,858,0.938,1.0,3,911,0.996,1.0,3,915,1.0,1.0,3,915,1.0,1.0,3,915,1.0,1.0
140,141,10,925,5,581,0.628,0.5,8,822,0.889,0.8,9,867,0.937,0.9,10,921,0.996,1.0,10,925,1.0,1.0,10,925,1.0,1.0,10,925,1.0,1.0
141,142,7,932,2,583,0.626,0.286,5,827,0.887,0.714,6,873,0.937,0.857,7,928,0.996,1.0,7,932,1.0,1.0,7,932,1.0,1.0,7,932,1.0,1.0
142,143,6,938,4,587,0.626,0.667,6,833,0.888,1.0,6,879,0.937,1.0,6,934,0.996,1.0,6,938,1.0,1.0,6,938,1.0,1.0,6,938,1.0,1.0
143,144,4,942,1,588,0.624,0.25,2,835,0.886,0.5,2,881,0.935,0.5,4,938,0.996,1.0,4,942,1.0,1.0,4,942,1.0,1.0,4,942,1.0,1.0
144,145,3,945,1,589,0.623,0.333,3,838,0.887,1.0,3,884,0.935,1.0,3,941,0.996,1.0,3,945,1.0,1.0,3,945,1.0,1.0,3,945,1.0,1.0
145,146,8,953,4,593,0.622,0.5,7,845,0.887,0.875,7,891,0.935,0.875,8,949,0.996,1.0,8,953,1.0,1.0,8,953,1.0,1.0,8,953,1.0,1.0
146,147,5,958,5,598,0.624,1.0,5,850,0.887,1.0,5,896,0.935,1.0,5,954,0.996,1.0,5,958,1.0,1.0,5,958,1.0,1.0,5,958,1.0,1.0
147,148,2,960,0,598,0.623,0.0,2,852,0.888,1.0,2,898,0.935,1.0,2,956,0.996,1.0,2,960,1.0,1.0,2,960,1.0,1.0,2,960,1.0,1.0
148,149,7,967,3,601,0.622,0.429,5,857,0.886,0.714,6,904,0.935,0.857,7,963,0.996,1.0,7,967,1.0,1.0,7,967,1.0,1.0,7,967,1.0,1.0
149,150,4,971,0,601,0.619,0.0,3,860,0.886,0.75,3,907,0.934,0.75,3,966,0.995,0.75,4,971,1.0,1.0,4,971,1.0,1.0,4,971,1.0,1.0
150,151,2,973,0,601,0.618,0.0,2,862,0.886,1.0,2,909,0.934,1.0,2,968,0.995,1.0,2,973,1.0,1.0,2,973,1.0,1.0,2,973,1.0,1.0
151,152,3,976,2,603,0.618,0.667,2,864,0.885,0.667,2,911,0.933,0.667,2,970,0.994,0.667,3,976,1.0,1.0,3,976,1.0,1.0,3,976,1.0,1.0
152,153,5,981,3,606,0.618,0.6,4,868,0.885,0.8,4,915,0.933,0.8,5,975,0.994,1.0,5,981,1.0,1.0,5,981,1.0,1.0,5,981,1.0,1.0
153,154,8,989,8,614,0.621,1.0,8,876,0.886,1.0,8,923,0.933,1.0,8,983,0.994,1.0,8,989,1.0,1.0,8,989,1.0,1.0,8,989,1.0,1.0
154,155,3,992,1,615,0.62,0.333,3,879,0.886,1.0,3,926,0.933,1.0,3,986,0.994,1.0,3,992,1.0,1.0,3,992,1.0,1.0,3,992,1.0,1.0
155,156,2,994,0,615,0.619,0.0,2,881,0.886,1.0,2,928,0.934,1.0,2,988,0.994,1.0,2,994,1.0,1.0,2,994,1.0,1.0,2,994,1.0,1.0
156,157,5,999,2,617,0.618,0.4,5,886,0.887,1.0,5,933,0.934,1.0,5,993,0.994,1.0,5,999,1.0,1.0,5,999,1.0,1.0,5,999,1.0,1.0
157,158,4,1003,2,619,0.617,0.5,3,889,0.886,0.75,3,936,0.933,0.75,4,997,0.994,1.0,4,1003,1.0,1.0,4,1003,1.0,1.0,4,1003,1.0,1.0
158,159,1,1004,0,619,0.617,0.0,1,890,0.886,1.0,1,937,0.933,1.0,1,998,0.994,1.0,1,1004,1.0,1.0,1,1004,1.0,1.0,1,1004,1.0,1.0
159,160,7,1011,2,621,0.614,0.286,4,894,0.884,0.571,6,943,0.933,0.857,7,1005,0.994,1.0,7,1011,1.0,1.0,7,1011,1.0,1.0,7,1011,1.0,1.0
160,161,6,1017,3,624,0.614,0.5,5,899,0.884,0.833,5,948,0.932,0.833,6,1011,0.994,1.0,6,1017,1.0,1.0,6,1017,1.0,1.0,6,1017,1.0,1.0
161,162,8,1025,6,630,0.615,0.75,8,907,0.885,1.0,8,956,0.933,1.0,8,1019,0.994,1.0,8,1025,1.0,1.0,8,1025,1.0,1.0,8,1025,1.0,1.0
162,163,1,1026,0,630,0.614,0.0,1,908,0.885,1.0,1,957,0.933,1.0,1,1020,0.994,1.0,1,1026,1.0,1.0,1,1026,1.0,1.0,1,1026,1.0,1.0
163,164,10,1036,3,633,0.611,0.3,6,914,0.882,0.6,9,966,0.932,0.9,10,1030,0.994,1.0,10,1036,1.0,1.0,10,1036,1.0,1.0,10,1036,1.0,1.0
164,165,5,1041,2,635,0.61,0.4,5,919,0.883,1.0,5,971,0.933,1.0,5,1035,0.994,1.0,5,1041,1.0,1.0,5,1041,1.0,1.0,5,1041,1.0,1.0
165,166,3,1044,1,636,0.609,0.333,3,922,0.883,1.0,3,974,0.933,1.0,3,1038,0.994,1.0,3,1044,1.0,1.0,3,1044,1.0,1.0,3,1044,1.0,1.0
166,167,4,1048,4,640,0.611,1.0,4,926,0.884,1.0,4,978,0.933,1.0,4,1042,0.994,1.0,4,1048,1.0,1.0,4,1048,1.0,1.0,4,1048,1.0,1.0
167,168,5,1053,2,642,0.61,0.4,5,931,0.884,1.0,5,983,0.934,1.0,5,1047,0.994,1.0,5,1053,1.0,1.0,5,1053,1.0,1.0,5,1053,1.0,1.0
168,169,3,1056,1,643,0.609,0.333,1,932,0.883,0.333,3,986,0.934,1.0,3,1050,0.994,1.0,3,1056,1.0,1.0,3,1056,1.0,1.0,3,1056,1.0,1.0
169,170,8,1064,2,645,0.606,0.25,7,939,0.883,0.875,8,994,0.934,1.0,8,1058,0.994,1.0,8,1064,1.0,1.0,8,1064,1.0,1.0,8,1064,1.0,1.0
170,171,3,1067,0,645,0.604,0.0,2,941,0.882,0.667,2,996,0.933,0.667,3,1061,0.994,1.0,3,1067,1.0,1.0,3,1067,1.0,1.0,3,1067,1.0,1.0
171,172,5,1072,3,648,0.604,0.6,5,946,0.882,1.0,5,1001,0.934,1.0,5,1066,0.994,1.0,5,1072,1.0,1.0,5,1072,1.0,1.0,5,1072,1.0,1.0
172,173,3,1075,2,650,0.605,0.667,2,948,0.882,0.667,2,1003,0.933,0.667,3,1069,0.994,1.0,3,1075,1.0,1.0,3,1075,1.0,1.0,3,1075,1.0,1.0
173,174,5,1080,1,651,0.603,0.2,5,953,0.882,1.0,5,1008,0.933,1.0,5,1074,0.994,1.0,5,1080,1.0,1.0,5,1080,1.0,1.0,5,1080,1.0,1.0
174,175,3,1083,2,653,0.603,0.667,2,955,0.882,0.667,3,1011,0.934,1.0,3,1077,0.994,1.0,3,1083,1.0,1.0,3,1083,1.0,1.0,3,1083,1.0,1.0
175,176,4,1087,4,657,0.604,1.0,4,959,0.882,1.0,4,1015,0.934,1.0,4,1081,0.994,1.0,4,1087,1.0,1.0,4,1087,1.0,1.0,4,1087,1.0,1.0
176,177,3,1090,2,659,0.605,0.667,2,961,0.882,0.667,3,1018,0.934,1.0,3,1084,0.994,1.0,3,1090,1.0,1.0,3,1090,1.0,1.0,3,1090,1.0,1.0
177,178,5,1095,4,663,0.605,0.8,5,966,0.882,1.0,5,1023,0.934,1.0,5,1089,0.995,1.0,5,1095,1.0,1.0,5,1095,1.0,1.0,5,1095,1.0,1.0
178,179,3,1098,2,665,0.606,0.667,2,968,0.882,0.667,3,1026,0.934,1.0,3,1092,0.995,1.0,3,1098,1.0,1.0,3,1098,1.0,1.0,3,1098,1.0,1.0
179,180,6,1104,4,669,0.606,0.667,5,973,0.881,0.833,5,1031,0.934,0.833,6,1098,0.995,1.0,6,1104,1.0,1.0,6,1104,1.0,1.0,6,1104,1.0,1.0
180,181,3,1107,2,671,0.606,0.667,3,976,0.882,1.0,3,1034,0.934,1.0,3,1101,0.995,1.0,3,1107,1.0,1.0,3,1107,1.0,1.0,3,1107,1.0,1.0
181,182,2,1109,2,673,0.607,1.0,2,978,0.882,1.0,2,1036,0.934,1.0,2,1103,0.995,1.0,2,1109,1.0,1.0,2,1109,1.0,1.0,2,1109,1.0,1.0
182,183,6,1115,3,676,0.606,0.5,6,984,0.883,1.0,6,1042,0.935,1.0,6,1109,0.995,1.0,6,1115,1.0,1.0,6,1115,1.0,1.0,6,1115,1.0,1.0
183,184,7,1122,1,677,0.603,0.143,6,990,0.882,0.857,6,1048,0.934,0.857,7,1116,0.995,1.0,7,1122,1.0,1.0,7,1122,1.0,1.0,7,1122,1.0,1.0
184,185,4,1126,1,678,0.602,0.25,3,993,0.882,0.75,3,1051,0.933,0.75,4,1120,0.995,1.0,4,1126,1.0,1.0,4,1126,1.0,1.0,4,1126,1.0,1.0
185,186,3,1129,2,680,0.602,0.667,3,996,0.882,1.0,3,1054,0.934,1.0,3,1123,0.995,1.0,3,1129,1.0,1.0,3,1129,1.0,1.0,3,1129,1.0,1.0
186,187,2,1131,0,680,0.601,0.0,2,998,0.882,1.0,2,1056,0.934,1.0,2,1125,0.995,1.0,2,1131,1.0,1.0,2,1131,1.0,1.0,2,1131,1.0,1.0
187,188,4,1135,2,682,0.601,0.5,3,1001,0.882,0.75,3,1059,0.933,0.75,4,1129,0.995,1.0,4,1135,1.0,1.0,4,1135,1.0,1.0,4,1135,1.0,1.0
188,189,3,1138,1,683,0.6,0.333,2,1003,0.881,0.667,2,1061,0.932,0.667,3,1132,0.995,1.0,3,1138,1.0,1.0,3,1138,1.0,1.0,3,1138,1.0,1.0
189,190,1,1139,0,683,0.6,0.0,1,1004,0.881,1.0,1,1062,0.932,1.0,1,1133,0.995,1.0,1,1139,1.0,1.0,1,1139,1.0,1.0,1,1139,1.0,1.0
190,191,4,1143,2,685,0.599,0.5,3,1007,0.881,0.75,4,1066,0.933,1.0,4,1137,0.995,1.0,4,1143,1.0,1.0,4,1143,1.0,1.0,4,1143,1.0,1.0
191,192,5,1148,3,688,0.599,0.6,4,1011,0.881,0.8,4,1070,0.932,0.8,5,1142,0.995,1.0,5,1148,1.0,1.0,5,1148,1.0,1.0,5,1148,1.0,1.0
192,193,4,1152,2,690,0.599,0.5,4,1015,0.881,1.0,4,1074,0.932,1.0,4,1146,0.995,1.0,4,1152,1.0,1.0,4,1152,1.0,1.0,4,1152,1.0,1.0
193,194,3,1155,1,691,0.598,0.333,2,1017,0.881,0.667,3,1077,0.932,1.0,3,1149,0.995,1.0,3,1155,1.0,1.0,3,1155,1.0,1.0,3,1155,1.0,1.0
194,195,1,1156,0,691,0.598,0.0,0,1017,0.88,0.0,0,1077,0.932,0.0,1,1150,0.995,1.0,1,1156,1.0,1.0,1,1156,1.0,1.0,1,1156,1.0,1.0
195,196,4,1160,3,694,0.598,0.75,4,1021,0.88,1.0,4,1081,0.932,1.0,4,1154,0.995,1.0,4,1160,1.0,1.0,4,1160,1.0,1.0,4,1160,1.0,1.0
196,197,3,1163,1,695,0.598,0.333,3,1024,0.88,1.0,3,1084,0.932,1.0,3,1157,0.995,1.0,3,1163,1.0,1.0,3,1163,1.0,1.0,3,1163,1.0,1.0
197,198,6,1169,4,699,0.598,0.667,5,1029,0.88,0.833,6,1090,0.932,1.0,6,1163,0.995,1.0,6,1169,1.0,1.0,6,1169,1.0,1.0,6,1169,1.0,1.0
198,199,6,1175,2,701,0.597,0.333,4,1033,0.879,0.667,5,1095,0.932,0.833,6,1169,0.995,1.0,6,1175,1.0,1.0,6,1175,1.0,1.0,6,1175,1.0,1.0
199,200,2,1177,1,702,0.596,0.5,2,1035,0.879,1.0,2,1097,0.932,1.0,2,1171,0.995,1.0,2,1177,1.0,1.0,2,1177,1.0,1.0,2,1177,1.0,1.0
200,201,3,1180,2,704,0.597,0.667,3,1038,0.88,1.0,3,1100,0.932,1.0,3,1174,0.995,1.0,3,1180,1.0,1.0,3,1180,1.0,1.0,3,1180,1.0,1.0
201,202,3,1183,2,706,0.597,0.667,2,1040,0.879,0.667,3,1103,0.932,1.0,3,1177,0.995,1.0,3,1183,1.0,1.0,3,1183,1.0,1.0,3,1183,1.0,1.0
202,203,10,1193,3,709,0.594,0.3,10,1050,0.88,1.0,10,1113,0.933,1.0,10,1187,0.995,1.0,10,1193,1.0,1.0,10,1193,1.0,1.0,10,1193,1.0,1.0
203,204,8,1201,4,713,0.594,0.5,7,1057,0.88,0.875,7,1120,0.933,0.875,7,1194,0.994,0.875,7,1200,0.999,0.875,8,1201,1.0,1.0,8,1201,1.0,1.0
204,205,1,1202,1,714,0.594,1.0,1,1058,0.88,1.0,1,1121,0.933,1.0,1,1195,0.994,1.0,1,1201,0.999,1.0,1,1202,1.0,1.0,1,1202,1.0,1.0
205,206,3,1205,2,716,0.594,0.667,3,1061,0.88,1.0,3,1124,0.933,1.0,3,1198,0.994,1.0,3,1204,0.999,1.0,3,1205,1.0,1.0,3,1205,1.0,1.0
206,207,5,1210,2,718,0.593,0.4,2,1063,0.879,0.4,3,1127,0.931,0.6,5,1203,0.994,1.0,5,1209,0.999,1.0,5,1210,1.0,1.0,5,1210,1.0,1.0
207,208,5,1215,2,720,0.593,0.4,5,1068,0.879,1.0,5,1132,0.932,1.0,5,1208,0.994,1.0,5,1214,0.999,1.0,5,1215,1.0,1.0,5,1215,1.0,1.0
208,209,5,1220,3,723,0.593,0.6,4,1072,0.879,0.8,5,1137,0.932,1.0,5,1213,0.994,1.0,5,1219,0.999,1.0,5,1220,1.0,1.0,5,1220,1.0,1.0
209,210,3,1223,2,725,0.593,0.667,2,1074,0.878,0.667,3,1140,0.932,1.0,3,1216,0.994,1.0,3,1222,0.999,1.0,3,1223,1.0,1.0,3,1223,1.0,1.0
210,211,3,1226,0,725,0.591,0.0,2,1076,0.878,0.667,2,1142,0.931,0.667,3,1219,0.994,1.0,3,1225,0.999,1.0,3,1226,1.0,1.0,3,1226,1.0,1.0
211,212,5,1231,1,726,0.59,0.2,5,1081,0.878,1.0,5,1147,0.932,1.0,5,1224,0.994,1.0,5,1230,0.999,1.0,5,1231,1.0,1.0,5,1231,1.0,1.0
212,213,3,1234,2,728,0.59,0.667,3,1084,0.878,1.0,3,1150,0.932,1.0,3,1227,0.994,1.0,3,1233,0.999,1.0,3,1234,1.0,1.0,3,1234,1.0,1.0
213,214,4,1238,3,731,0.59,0.75,4,1088,0.879,1.0,4,1154,0.932,1.0,4,1231,0.994,1.0,4,1237,0.999,1.0,4,1238,1.0,1.0,4,1238,1.0,1.0
214,215,2,1240,1,732,0.59,0.5,2,1090,0.879,1.0,2,1156,0.932,1.0,2,1233,0.994,1.0,2,1239,0.999,1.0,2,1240,1.0,1.0,2,1240,1.0,1.0
215,216,4,1244,4,736,0.592,1.0,4,1094,0.879,1.0,4,1160,0.932,1.0,4,1237,0.994,1.0,4,1243,0.999,1.0,4,1244,1.0,1.0,4,1244,1.0,1.0
216,217,2,1246,0,736,0.591,0.0,1,1095,0.879,0.5,1,1161,0.932,0.5,2,1239,0.994,1.0,2,1245,0.999,1.0,2,1246,1.0,1.0,2,1246,1.0,1.0
217,218,2,1248,2,738,0.591,1.0,2,1097,0.879,1.0,2,1163,0.932,1.0,2,1241,0.994,1.0,2,1247,0.999,1.0,2,1248,1.0,1.0,2,1248,1.0,1.0
218,219,2,1250,1,739,0.591,0.5,2,1099,0.879,1.0,2,1165,0.932,1.0,2,1243,0.994,1.0,2,1249,0.999,1.0,2,1250,1.0,1.0,2,1250,1.0,1.0
219,220,2,1252,1,740,0.591,0.5,1,1100,0.879,0.5,2,1167,0.932,1.0,2,1245,0.994,1.0,2,1251,0.999,1.0,2,1252,1.0,1.0,2,1252,1.0,1.0
220,221,4,1256,1,741,0.59,0.25,3,1103,0.878,0.75,3,1170,0.932,0.75,4,1249,0.994,1.0,4,1255,0.999,1.0,4,1256,1.0,1.0,4,1256,1.0,1.0
221,222,5,1261,2,743,0.589,0.4,5,1108,0.879,1.0,5,1175,0.932,1.0,5,1254,0.994,1.0,5,1260,0.999,1.0,5,1261,1.0,1.0,5,1261,1.0,1.0
222,223,6,1267,3,746,0.589,0.5,5,1113,0.878,0.833,6,1181,0.932,1.0,6,1260,0.994,1.0,6,1266,0.999,1.0,6,1267,1.0,1.0,6,1267,1.0,1.0
223,224,5,1272,2,748,0.588,0.4,4,1117,0.878,0.8,5,1186,0.932,1.0,5,1265,0.994,1.0,5,1271,0.999,1.0,5,1272,1.0,1.0,5,1272,1.0,1.0
224,225,1,1273,0,748,0.588,0.0,1,1118,0.878,1.0,1,1187,0.932,1.0,1,1266,0.995,1.0,1,1272,0.999,1.0,1,1273,1.0,1.0,1,1273,1.0,1.0
225,226,2,1275,1,749,0.587,0.5,2,1120,0.878,1.0,2,1189,0.933,1.0,2,1268,0.995,1.0,2,1274,0.999,1.0,2,1275,1.0,1.0,2,1275,1.0,1.0
226,227,3,1278,2,751,0.588,0.667,3,1123,0.879,1.0,3,1192,0.933,1.0,3,1271,0.995,1.0,3,1277,0.999,1.0,3,1278,1.0,1.0,3,1278,1.0,1.0
227,228,3,1281,0,751,0.586,0.0,1,1124,0.877,0.333,3,1195,0.933,1.0,3,1274,0.995,1.0,3,1280,0.999,1.0,3,1281,1.0,1.0,3,1281,1.0,1.0
228,229,2,1283,1,752,0.586,0.5,1,1125,0.877,0.5,1,1196,0.932,0.5,2,1276,0.995,1.0,2,1282,0.999,1.0,2,1283,1.0,1.0,2,1283,1.0,1.0
229,230,2,1285,1,753,0.586,0.5,1,1126,0.876,0.5,2,1198,0.932,1.0,2,1278,0.995,1.0,2,1284,0.999,1.0,2,1285,1.0,1.0,2,1285,1.0,1.0
230,232,6,1291,2,755,0.585,0.333,3,1129,0.875,0.5,6,1204,0.933,1.0,6,1284,0.995,1.0,6,1290,0.999,1.0,6,1291,1.0,1.0,6,1291,1.0,1.0
231,233,4,1295,3,758,0.585,0.75,4,1133,0.875,1.0,4,1208,0.933,1.0,4,1288,0.995,1.0,4,1294,0.999,1.0,4,1295,1.0,1.0,4,1295,1.0,1.0
232,234,7,1302,7,765,0.588,1.0,7,1140,0.876,1.0,7,1215,0.933,1.0,7,1295,0.995,1.0,7,1301,0.999,1.0,7,1302,1.0,1.0,7,1302,1.0,1.0
233,235,1,1303,1,766,0.588,1.0,1,1141,0.876,1.0,1,1216,0.933,1.0,1,1296,0.995,1.0,1,1302,0.999,1.0,1,1303,1.0,1.0,1,1303,1.0,1.0
234,236,3,1306,0,766,0.587,0.0,3,1144,0.876,1.0,3,1219,0.933,1.0,3,1299,0.995,1.0,3,1305,0.999,1.0,3,1306,1.0,1.0,3,1306,1.0,1.0
235,237,3,1309,3,769,0.587,1.0,3,1147,0.876,1.0,3,1222,0.934,1.0,3,1302,0.995,1.0,3,1308,0.999,1.0,3,1309,1.0,1.0,3,1309,1.0,1.0
236,238,4,1313,1,770,0.586,0.25,3,1150,0.876,0.75,3,1225,0.933,0.75,4,1306,0.995,1.0,4,1312,0.999,1.0,4,1313,1.0,1.0,4,1313,1.0,1.0
237,239,4,1317,1,771,0.585,0.25,2,1152,0.875,0.5,3,1228,0.932,0.75,4,1310,0.995,1.0,4,1316,0.999,1.0,4,1317,1.0,1.0,4,1317,1.0,1.0
238,240,2,1319,1,772,0.585,0.5,1,1153,0.874,0.5,2,1230,0.933,1.0,2,1312,0.995,1.0,2,1318,0.999,1.0,2,1319,1.0,1.0,2,1319,1.0,1.0
239,241,1,1320,1,773,0.586,1.0,1,1154,0.874,1.0,1,1231,0.933,1.0,1,1313,0.995,1.0,1,1319,0.999,1.0,1,1320,1.0,1.0,1,1320,1.0,1.0
240,242,1,1321,1,774,0.586,1.0,1,1155,0.874,1.0,1,1232,0.933,1.0,1,1314,0.995,1.0,1,1320,0.999,1.0,1,1321,1.0,1.0,1,1321,1.0,1.0
241,243,4,1325,1,775,0.585,0.25,4,1159,0.875,1.0,4,1236,0.933,1.0,4,1318,0.995,1.0,4,1324,0.999,1.0,4,1325,1.0,1.0,4,1325,1.0,1.0
242,244,4,1329,2,777,0.585,0.5,2,1161,0.874,0.5,2,1238,0.932,0.5,4,1322,0.995,1.0,4,1328,0.999,1.0,4,1329,1.0,1.0,4,1329,1.0,1.0
243,245,2,1331,2,779,0.585,1.0,2,1163,0.874,1.0,2,1240,0.932,1.0,2,1324,0.995,1.0,2,1330,0.999,1.0,2,1331,1.0,1.0,2,1331,1.0,1.0
244,247,3,1334,2,781,0.585,0.667,2,1165,0.873,0.667,3,1243,0.932,1.0,3,1327,0.995,1.0,3,1333,0.999,1.0,3,1334,1.0,1.0,3,1334,1.0,1.0
245,248,6,1340,3,784,0.585,0.5,4,1169,0.872,0.667,6,1249,0.932,1.0,6,1333,0.995,1.0,6,1339,0.999,1.0,6,1340,1.0,1.0,6,1340,1.0,1.0
246,251,4,1344,2,786,0.585,0.5,3,1172,0.872,0.75,4,1253,0.932,1.0,4,1337,0.995,1.0,4,1343,0.999,1.0,4,1344,1.0,1.0,4,1344,1.0,1.0
247,252,3,1347,2,788,0.585,0.667,2,1174,0.872,0.667,3,1256,0.932,1.0,3,1340,0.995,1.0,3,1346,0.999,1.0,3,1347,1.0,1.0,3,1347,1.0,1.0
248,253,1,1348,1,789,0.585,1.0,1,1175,0.872,1.0,1,1257,0.932,1.0,1,1341,0.995,1.0,1,1347,0.999,1.0,1,1348,1.0,1.0,1,1348,1.0,1.0
249,255,3,1351,1,790,0.585,0.333,3,1178,0.872,1.0,3,1260,0.933,1.0,3,1344,0.995,1.0,3,1350,0.999,1.0,3,1351,1.0,1.0,3,1351,1.0,1.0
250,256,1,1352,1,791,0.585,1.0,1,1179,0.872,1.0,1,1261,0.933,1.0,1,1345,0.995,1.0,1,1351,0.999,1.0,1,1352,1.0,1.0,1,1352,1.0,1.0
251,257,4,1356,2,793,0.585,0.5,4,1183,0.872,1.0,4,1265,0.933,1.0,4,1349,0.995,1.0,4,1355,0.999,1.0,4,1356,1.0,1.0,4,1356,1.0,1.0
252,258,3,1359,2,795,0.585,0.667,2,1185,0.872,0.667,3,1268,0.933,1.0,3,1352,0.995,1.0,3,1358,0.999,1.0,3,1359,1.0,1.0,3,1359,1.0,1.0
253,259,3,1362,1,796,0.584,0.333,2,1187,0.872,0.667,2,1270,0.932,0.667,3,1355,0.995,1.0,3,1361,0.999,1.0,3,1362,1.0,1.0,3,1362,1.0,1.0
254,260,3,1365,2,798,0.585,0.667,2,1189,0.871,0.667,2,1272,0.932,0.667,3,1358,0.995,1.0,3,1364,0.999,1.0,3,1365,1.0,1.0,3,1365,1.0,1.0
255,261,2,1367,2,800,0.585,1.0,2,1191,0.871,1.0,2,1274,0.932,1.0,2,1360,0.995,1.0,2,1366,0.999,1.0,2,1367,1.0,1.0,2,1367,1.0,1.0
256,262,4,1371,3,803,0.586,0.75,3,1194,0.871,0.75,4,1278,0.932,1.0,4,1364,0.995,1.0,4,1370,0.999,1.0,4,1371,1.0,1.0,4,1371,1.0,1.0
257,263,3,1374,1,804,0.585,0.333,3,1197,0.871,1.0,3,1281,0.932,1.0,3,1367,0.995,1.0,3,1373,0.999,1.0,3,1374,1.0,1.0,3,1374,1.0,1.0
258,264,2,1376,1,805,0.585,0.5,2,1199,0.871,1.0,2,1283,0.932,1.0,2,1369,0.995,1.0,2,1375,0.999,1.0,2,1376,1.0,1.0,2,1376,1.0,1.0
259,265,3,1379,2,807,0.585,0.667,3,1202,0.872,1.0,3,1286,0.933,1.0,3,1372,0.995,1.0,3,1378,0.999,1.0,3,1379,1.0,1.0,3,1379,1.0,1.0
260,266,3,1382,2,809,0.585,0.667,3,1205,0.872,1.0,3,1289,0.933,1.0,3,1375,0.995,1.0,3,1381,0.999,1.0,3,1382,1.0,1.0,3,1382,1.0,1.0
261,267,2,1384,0,809,0.585,0.0,2,1207,0.872,1.0,2,1291,0.933,1.0,2,1377,0.995,1.0,2,1383,0.999,1.0,2,1384,1.0,1.0,2,1384,1.0,1.0
262,268,3,1387,0,809,0.583,0.0,2,1209,0.872,0.667,3,1294,0.933,1.0,3,1380,0.995,1.0,3,1386,0.999,1.0,3,1387,1.0,1.0,3,1387,1.0,1.0
263,269,1,1388,0,809,0.583,0.0,1,1210,0.872,1.0,1,1295,0.933,1.0,1,1381,0.995,1.0,1,1387,0.999,1.0,1,1388,1.0,1.0,1,1388,1.0,1.0
264,271,2,1390,2,811,0.583,1.0,2,1212,0.872,1.0,2,1297,0.933,1.0,2,1383,0.995,1.0,2,1389,0.999,1.0,2,1390,1.0,1.0,2,1390,1.0,1.0
265,272,2,1392,1,812,0.583,0.5,2,1214,0.872,1.0,2,1299,0.933,1.0,2,1385,0.995,1.0,2,1391,0.999,1.0,2,1392,1.0,1.0,2,1392,1.0,1.0
266,273,2,1394,1,813,0.583,0.5,1,1215,0.872,0.5,1,1300,0.933,0.5,2,1387,0.995,1.0,2,1393,0.999,1.0,2,1394,1.0,1.0,2,1394,1.0,1.0
267,274,5,1399,4,817,0.584,0.8,5,1220,0.872,1.0,5,1305,0.933,1.0,5,1392,0.995,1.0,5,1398,0.999,1.0,5,1399,1.0,1.0,5,1399,1.0,1.0
268,275,3,1402,1,818,0.583,0.333,2,1222,0.872,0.667,2,1307,0.932,0.667,3,1395,0.995,1.0,3,1401,0.999,1.0,3,1402,1.0,1.0,3,1402,1.0,1.0
269,276,3,1405,1,819,0.583,0.333,2,1224,0.871,0.667,2,1309,0.932,0.667,3,1398,0.995,1.0,3,1404,0.999,1.0,3,1405,1.0,1.0,3,1405,1.0,1.0
270,277,2,1407,0,819,0.582,0.0,2,1226,0.871,1.0,2,1311,0.932,1.0,2,1400,0.995,1.0,2,1406,0.999,1.0,2,1407,1.0,1.0,2,1407,1.0,1.0
271,278,1,1408,1,820,0.582,1.0,1,1227,0.871,1.0,1,1312,0.932,1.0,1,1401,0.995,1.0,1,1407,0.999,1.0,1,1408,1.0,1.0,1,1408,1.0,1.0
272,279,1,1409,0,820,0.582,0.0,1,1228,0.872,1.0,1,1313,0.932,1.0,1,1402,0.995,1.0,1,1408,0.999,1.0,1,1409,1.0,1.0,1,1409,1.0,1.0
273,280,2,1411,1,821,0.582,0.5,2,1230,0.872,1.0,2,1315,0.932,1.0,2,1404,0.995,1.0,2,1410,0.999,1.0,2,1411,1.0,1.0,2,1411,1.0,1.0
274,281,3,1414,2,823,0.582,0.667,3,1233,0.872,1.0,3,1318,0.932,1.0,3,1407,0.995,1.0,3,1413,0.999,1.0,3,1414,1.0,1.0,3,1414,1.0,1.0
275,282,2,1416,2,825,0.583,1.0,2,1235,0.872,1.0,2,1320,0.932,1.0,2,1409,0.995,1.0,2,1415,0.999,1.0,2,1416,1.0,1.0,2,1416,1.0,1.0
276,283,2,1418,2,827,0.583,1.0,2,1237,0.872,1.0,2,1322,0.932,1.0,2,1411,0.995,1.0,2,1417,0.999,1.0,2,1418,1.0,1.0,2,1418,1.0,1.0
277,284,2,1420,0,827,0.582,0.0,1,1238,0.872,0.5,2,1324,0.932,1.0,2,1413,0.995,1.0,2,1419,0.999,1.0,2,1420,1.0,1.0,2,1420,1.0,1.0
278,285,4,1424,4,831,0.584,1.0,4,1242,0.872,1.0,4,1328,0.933,1.0,4,1417,0.995,1.0,4,1423,0.999,1.0,4,1424,1.0,1.0,4,1424,1.0,1.0
279,286,2,1426,1,832,0.583,0.5,2,1244,0.872,1.0,2,1330,0.933,1.0,2,1419,0.995,1.0,2,1425,0.999,1.0,2,1426,1.0,1.0,2,1426,1.0,1.0
280,287,1,1427,0,832,0.583,0.0,1,1245,0.872,1.0,1,1331,0.933,1.0,1,1420,0.995,1.0,1,1426,0.999,1.0,1,1427,1.0,1.0,1,1427,1.0,1.0
281,288,5,1432,2,834,0.582,0.4,3,1248,0.872,0.6,5,1336,0.933,1.0,5,1425,0.995,1.0,5,1431,0.999,1.0,5,1432,1.0,1.0,5,1432,1.0,1.0
282,289,4,1436,2,836,0.582,0.5,4,1252,0.872,1.0,4,1340,0.933,1.0,4,1429,0.995,1.0,4,1435,0.999,1.0,4,1436,1.0,1.0,4,1436,1.0,1.0
283,290,4,1440,3,839,0.583,0.75,3,1255,0.872,0.75,3,1343,0.933,0.75,4,1433,0.995,1.0,4,1439,0.999,1.0,4,1440,1.0,1.0,4,1440,1.0,1.0
284,291,3,1443,1,840,0.582,0.333,2,1257,0.871,0.667,2,1345,0.932,0.667,2,1435,0.994,0.667,3,1442,0.999,1.0,3,1443,1.0,1.0,3,1443,1.0,1.0
285,292,2,1445,2,842,0.583,1.0,2,1259,0.871,1.0,2,1347,0.932,1.0,2,1437,0.994,1.0,2,1444,0.999,1.0,2,1445,1.0,1.0,2,1445,1.0,1.0
286,294,1,1446,1,843,0.583,1.0,1,1260,0.871,1.0,1,1348,0.932,1.0,1,1438,0.994,1.0,1,1445,0.999,1.0,1,1446,1.0,1.0,1,1446,1.0,1.0
287,295,1,1447,1,844,0.583,1.0,1,1261,0.871,1.0,1,1349,0.932,1.0,1,1439,0.994,1.0,1,1446,0.999,1.0,1,1447,1.0,1.0,1,1447,1.0,1.0
288,296,2,1449,2,846,0.584,1.0,2,1263,0.872,1.0,2,1351,0.932,1.0,2,1441,0.994,1.0,2,1448,0.999,1.0,2,1449,1.0,1.0,2,1449,1.0,1.0
289,297,1,1450,1,847,0.584,1.0,1,1264,0.872,1.0,1,1352,0.932,1.0,1,1442,0.994,1.0,1,1449,0.999,1.0,1,1450,1.0,1.0,1,1450,1.0,1.0
290,298,2,1452,1,848,0.584,0.5,2,1266,0.872,1.0,2,1354,0.933,1.0,2,1444,0.994,1.0,2,1451,0.999,1.0,2,1452,1.0,1.0,2,1452,1.0,1.0
291,299,1,1453,1,849,0.584,1.0,1,1267,0.872,1.0,1,1355,0.933,1.0,1,1445,0.994,1.0,1,1452,0.999,1.0,1,1453,1.0,1.0,1,1453,1.0,1.0
292,300,6,1459,4,853,0.585,0.667,6,1273,0.873,1.0,6,1361,0.933,1.0,6,1451,0.995,1.0,6,1458,0.999,1.0,6,1459,1.0,1.0,6,1459,1.0,1.0
293,301,5,1464,4,857,0.585,0.8,5,1278,0.873,1.0,5,1366,0.933,1.0,5,1456,0.995,1.0,5,1463,0.999,1.0,5,1464,1.0,1.0,5,1464,1.0,1.0
294,302,2,1466,1,858,0.585,0.5,1,1279,0.872,0.5,2,1368,0.933,1.0,2,1458,0.995,1.0,2,1465,0.999,1.0,2,1466,1.0,1.0,2,1466,1.0,1.0
295,303,1,1467,0,858,0.585,0.0,1,1280,0.873,1.0,1,1369,0.933,1.0,1,1459,0.995,1.0,1,1466,0.999,1.0,1,1467,1.0,1.0,1,1467,1.0,1.0
296,305,2,1469,1,859,0.585,0.5,2,1282,0.873,1.0,2,1371,0.933,1.0,2,1461,0.995,1.0,2,1468,0.999,1.0,2,1469,1.0,1.0,2,1469,1.0,1.0
297,306,4,1473,2,861,0.585,0.5,4,1286,0.873,1.0,4,1375,0.933,1.0,4,1465,0.995,1.0,4,1472,0.999,1.0,4,1473,1.0,1.0,4,1473,1.0,1.0
298,307,4,1477,2,863,0.584,0.5,4,1290,0.873,1.0,4,1379,0.934,1.0,4,1469,0.995,1.0,4,1476,0.999,1.0,4,1477,1.0,1.0,4,1477,1.0,1.0
299,308,1,1478,1,864,0.585,1.0,1,1291,0.873,1.0,1,1380,0.934,1.0,1,1470,0.995,1.0,1,1477,0.999,1.0,1,1478,1.0,1.0,1,1478,1.0,1.0
300,309,1,1479,1,865,0.585,1.0,1,1292,0.874,1.0,1,1381,0.934,1.0,1,1471,0.995,1.0,1,1478,0.999,1.0,1,1479,1.0,1.0,1,1479,1.0,1.0
301,310,3,1482,1,866,0.584,0.333,3,1295,0.874,1.0,3,1384,0.934,1.0,3,1474,0.995,1.0,3,1481,0.999,1.0,3,1482,1.0,1.0,3,1482,1.0,1.0
302,312,4,1486,3,869,0.585,0.75,3,1298,0.873,0.75,3,1387,0.933,0.75,4,1478,0.995,1.0,4,1485,0.999,1.0,4,1486,1.0,1.0,4,1486,1.0,1.0
303,314,2,1488,1,870,0.585,0.5,2,1300,0.874,1.0,2,1389,0.933,1.0,2,1480,0.995,1.0,2,1487,0.999,1.0,2,1488,1.0,1.0,2,1488,1.0,1.0
304,315,1,1489,1,871,0.585,1.0,1,1301,0.874,1.0,1,1390,0.934,1.0,1,1481,0.995,1.0,1,1488,0.999,1.0,1,1489,1.0,1.0,1,1489,1.0,1.0
305,318,1,1490,0,871,0.585,0.0,1,1302,0.874,1.0,1,1391,0.934,1.0,1,1482,0.995,1.0,1,1489,0.999,1.0,1,1490,1.0,1.0,1,1490,1.0,1.0
306,320,3,1493,0,871,0.583,0.0,2,1304,0.873,0.667,2,1393,0.933,0.667,3,1485,0.995,1.0,3,1492,0.999,1.0,3,1493,1.0,1.0,3,1493,1.0,1.0
307,321,1,1494,0,871,0.583,0.0,0,1304,0.873,0.0,0,1393,0.932,0.0,1,1486,0.995,1.0,1,1493,0.999,1.0,1,1494,1.0,1.0,1,1494,1.0,1.0
308,322,1,1495,0,871,0.583,0.0,1,1305,0.873,1.0,1,1394,0.932,1.0,1,1487,0.995,1.0,1,1494,0.999,1.0,1,1495,1.0,1.0,1,1495,1.0,1.0
309,323,2,1497,2,873,0.583,1.0,2,1307,0.873,1.0,2,1396,0.933,1.0,2,1489,0.995,1.0,2,1496,0.999,1.0,2,1497,1.0,1.0,2,1497,1.0,1.0
310,324,3,1500,2,875,0.583,0.667,3,1310,0.873,1.0,3,1399,0.933,1.0,3,1492,0.995,1.0,3,1499,0.999,1.0,3,1500,1.0,1.0,3,1500,1.0,1.0
311,325,2,1502,2,877,0.584,1.0,2,1312,0.874,1.0,2,1401,0.933,1.0,2,1494,0.995,1.0,2,1501,0.999,1.0,2,1502,1.0,1.0,2,1502,1.0,1.0
312,326,4,1506,2,879,0.584,0.5,4,1316,0.874,1.0,4,1405,0.933,1.0,4,1498,0.995,1.0,4,1505,0.999,1.0,4,1506,1.0,1.0,4,1506,1.0,1.0
313,328,2,1508,1,880,0.584,0.5,2,1318,0.874,1.0,2,1407,0.933,1.0,2,1500,0.995,1.0,2,1507,0.999,1.0,2,1508,1.0,1.0,2,1508,1.0,1.0
314,329,3,1511,1,881,0.583,0.333,2,1320,0.874,0.667,3,1410,0.933,1.0,3,1503,0.995,1.0,3,1510,0.999,1.0,3,1511,1.0,1.0,3,1511,1.0,1.0
315,330,3,1514,1,882,0.583,0.333,3,1323,0.874,1.0,3,1413,0.933,1.0,3,1506,0.995,1.0,3,1513,0.999,1.0,3,1514,1.0,1.0,3,1514,1.0,1.0
316,331,1,1515,1,883,0.583,1.0,1,1324,0.874,1.0,1,1414,0.933,1.0,1,1507,0.995,1.0,1,1514,0.999,1.0,1,1515,1.0,1.0,1,1515,1.0,1.0
317,332,1,1516,1,884,0.583,1.0,1,1325,0.874,1.0,1,1415,0.933,1.0,1,1508,0.995,1.0,1,1515,0.999,1.0,1,1516,1.0,1.0,1,1516,1.0,1.0
318,333,3,1519,2,886,0.583,0.667,2,1327,0.874,0.667,2,1417,0.933,0.667,3,1511,0.995,1.0,3,1518,0.999,1.0,3,1519,1.0,1.0,3,1519,1.0,1.0
319,334,1,1520,0,886,0.583,0.0,1,1328,0.874,1.0,1,1418,0.933,1.0,1,1512,0.995,1.0,1,1519,0.999,1.0,1,1520,1.0,1.0,1,1520,1.0,1.0
320,335,1,1521,0,886,0.583,0.0,1,1329,0.874,1.0,1,1419,0.933,1.0,1,1513,0.995,1.0,1,1520,0.999,1.0,1,1521,1.0,1.0,1,1521,1.0,1.0
321,336,1,1522,1,887,0.583,1.0,1,1330,0.874,1.0,1,1420,0.933,1.0,1,1514,0.995,1.0,1,1521,0.999,1.0,1,1522,1.0,1.0,1,1522,1.0,1.0
322,337,2,1524,1,888,0.583,0.5,2,1332,0.874,1.0,2,1422,0.933,1.0,2,1516,0.995,1.0,2,1523,0.999,1.0,2,1524,1.0,1.0,2,1524,1.0,1.0
323,338,2,1526,1,889,0.583,0.5,2,1334,0.874,1.0,2,1424,0.933,1.0,2,1518,0.995,1.0,2,1525,0.999,1.0,2,1526,1.0,1.0,2,1526,1.0,1.0
324,339,1,1527,1,890,0.583,1.0,1,1335,0.874,1.0,1,1425,0.933,1.0,1,1519,0.995,1.0,1,1526,0.999,1.0,1,1527,1.0,1.0,1,1527,1.0,1.0
325,340,1,1528,1,891,0.583,1.0,1,1336,0.874,1.0,1,1426,0.933,1.0,1,1520,0.995,1.0,1,1527,0.999,1.0,1,1528,1.0,1.0,1,1528,1.0,1.0
326,341,2,1530,1,892,0.583,0.5,1,1337,0.874,0.5,1,1427,0.933,0.5,2,1522,0.995,1.0,2,1529,0.999,1.0,2,1530,1.0,1.0,2,1530,1.0,1.0
327,342,1,1531,0,892,0.583,0.0,1,1338,0.874,1.0,1,1428,0.933,1.0,1,1523,0.995,1.0,1,1530,0.999,1.0,1,1531,1.0,1.0,1,1531,1.0,1.0
328,344,2,1533,1,893,0.583,0.5,2,1340,0.874,1.0,2,1430,0.933,1.0,2,1525,0.995,1.0,2,1532,0.999,1.0,2,1533,1.0,1.0,2,1533,1.0,1.0
329,345,3,1536,1,894,0.582,0.333,2,1342,0.874,0.667,3,1433,0.933,1.0,3,1528,0.995,1.0,3,1535,0.999,1.0,3,1536,1.0,1.0,3,1536,1.0,1.0
330,346,1,1537,0,894,0.582,0.0,1,1343,0.874,1.0,1,1434,0.933,1.0,1,1529,0.995,1.0,1,1536,0.999,1.0,1,1537,1.0,1.0,1,1537,1.0,1.0
331,348,2,1539,1,895,0.582,0.5,2,1345,0.874,1.0,2,1436,0.933,1.0,2,1531,0.995,1.0,2,1538,0.999,1.0,2,1539,1.0,1.0,2,1539,1.0,1.0
332,349,1,1540,0,895,0.581,0.0,1,1346,0.874,1.0,1,1437,0.933,1.0,1,1532,0.995,1.0,1,1539,0.999,1.0,1,1540,1.0,1.0,1,1540,1.0,1.0
333,350,1,1541,1,896,0.581,1.0,1,1347,0.874,1.0,1,1438,0.933,1.0,1,1533,0.995,1.0,1,1540,0.999,1.0,1,1541,1.0,1.0,1,1541,1.0,1.0
334,351,2,1543,1,897,0.581,0.5,2,1349,0.874,1.0,2,1440,0.933,1.0,2,1535,0.995,1.0,2,1542,0.999,1.0,2,1543,1.0,1.0,2,1543,1.0,1.0
335,352,1,1544,0,897,0.581,0.0,1,1350,0.874,1.0,1,1441,0.933,1.0,1,1536,0.995,1.0,1,1543,0.999,1.0,1,1544,1.0,1.0,1,1544,1.0,1.0
336,355,4,1548,2,899,0.581,0.5,4,1354,0.875,1.0,4,1445,0.933,1.0,4,1540,0.995,1.0,4,1547,0.999,1.0,4,1548,1.0,1.0,4,1548,1.0,1.0
337,356,2,1550,1,900,0.581,0.5,2,1356,0.875,1.0,2,1447,0.934,1.0,2,1542,0.995,1.0,2,1549,0.999,1.0,2,1550,1.0,1.0,2,1550,1.0,1.0
338,357,1,1551,1,901,0.581,1.0,1,1357,0.875,1.0,1,1448,0.934,1.0,1,1543,0.995,1.0,1,1550,0.999,1.0,1,1551,1.0,1.0,1,1551,1.0,1.0
339,358,2,1553,1,902,0.581,0.5,2,1359,0.875,1.0,2,1450,0.934,1.0,2,1545,0.995,1.0,2,1552,0.999,1.0,2,1553,1.0,1.0,2,1553,1.0,1.0
340,359,1,1554,1,903,0.581,1.0,1,1360,0.875,1.0,1,1451,0.934,1.0,1,1546,0.995,1.0,1,1553,0.999,1.0,1,1554,1.0,1.0,1,1554,1.0,1.0
341,360,2,1556,1,904,0.581,0.5,1,1361,0.875,0.5,2,1453,0.934,1.0,2,1548,0.995,1.0,2,1555,0.999,1.0,2,1556,1.0,1.0,2,1556,1.0,1.0
342,361,1,1557,0,904,0.581,0.0,1,1362,0.875,1.0,1,1454,0.934,1.0,1,1549,0.995,1.0,1,1556,0.999,1.0,1,1557,1.0,1.0,1,1557,1.0,1.0
343,363,1,1558,0,904,0.58,0.0,1,1363,0.875,1.0,1,1455,0.934,1.0,1,1550,0.995,1.0,1,1557,0.999,1.0,1,1558,1.0,1.0,1,1558,1.0,1.0
344,366,1,1559,1,905,0.581,1.0,1,1364,0.875,1.0,1,1456,0.934,1.0,1,1551,0.995,1.0,1,1558,0.999,1.0,1,1559,1.0,1.0,1,1559,1.0,1.0
345,368,2,1561,0,905,0.58,0.0,2,1366,0.875,1.0,2,1458,0.934,1.0,2,1553,0.995,1.0,2,1560,0.999,1.0,2,1561,1.0,1.0,2,1561,1.0,1.0
346,370,3,1564,1,906,0.579,0.333,3,1369,0.875,1.0,3,1461,0.934,1.0,3,1556,0.995,1.0,3,1563,0.999,1.0,3,1564,1.0,1.0,3,1564,1.0,1.0
347,371,1,1565,0,906,0.579,0.0,1,1370,0.875,1.0,1,1462,0.934,1.0,1,1557,0.995,1.0,1,1564,0.999,1.0,1,1565,1.0,1.0,1,1565,1.0,1.0
348,373,2,1567,2,908,0.579,1.0,2,1372,0.876,1.0,2,1464,0.934,1.0,2,1559,0.995,1.0,2,1566,0.999,1.0,2,1567,1.0,1.0,2,1567,1.0,1.0
349,374,1,1568,1,909,0.58,1.0,1,1373,0.876,1.0,1,1465,0.934,1.0,1,1560,0.995,1.0,1,1567,0.999,1.0,1,1568,1.0,1.0,1,1568,1.0,1.0
350,377,1,1569,1,910,0.58,1.0,1,1374,0.876,1.0,1,1466,0.934,1.0,1,1561,0.995,1.0,1,1568,0.999,1.0,1,1569,1.0,1.0,1,1569,1.0,1.0
351,378,1,1570,0,910,0.58,0.0,1,1375,0.876,1.0,1,1467,0.934,1.0,1,1562,0.995,1.0,1,1569,0.999,1.0,1,1570,1.0,1.0,1,1570,1.0,1.0
352,379,1,1571,1,911,0.58,1.0,1,1376,0.876,1.0,1,1468,0.934,1.0,1,1563,0.995,1.0,1,1570,0.999,1.0,1,1571,1.0,1.0,1,1571,1.0,1.0
353,381,1,1572,0,911,0.58,0.0,1,1377,0.876,1.0,1,1469,0.934,1.0,1,1564,0.995,1.0,1,1571,0.999,1.0,1,1572,1.0,1.0,1,1572,1.0,1.0
354,382,4,1576,1,912,0.579,0.25,4,1381,0.876,1.0,4,1473,0.935,1.0,4,1568,0.995,1.0,4,1575,0.999,1.0,4,1576,1.0,1.0,4,1576,1.0,1.0
355,384,2,1578,2,914,0.579,1.0,2,1383,0.876,1.0,2,1475,0.935,1.0,2,1570,0.995,1.0,2,1577,0.999,1.0,2,1578,1.0,1.0,2,1578,1.0,1.0
356,385,2,1580,1,915,0.579,0.5,1,1384,0.876,0.5,2,1477,0.935,1.0,2,1572,0.995,1.0,2,1579,0.999,1.0,2,1580,1.0,1.0,2,1580,1.0,1.0
357,387,1,1581,1,916,0.579,1.0,1,1385,0.876,1.0,1,1478,0.935,1.0,1,1573,0.995,1.0,1,1580,0.999,1.0,1,1581,1.0,1.0,1,1581,1.0,1.0
358,389,1,1582,1,917,0.58,1.0,1,1386,0.876,1.0,1,1479,0.935,1.0,1,1574,0.995,1.0,1,1581,0.999,1.0,1,1582,1.0,1.0,1,1582,1.0,1.0
359,390,3,1585,2,919,0.58,0.667,3,1389,0.876,1.0,3,1482,0.935,1.0,3,1577,0.995,1.0,3,1584,0.999,1.0,3,1585,1.0,1.0,3,1585,1.0,1.0
360,391,1,1586,1,920,0.58,1.0,1,1390,0.876,1.0,1,1483,0.935,1.0,1,1578,0.995,1.0,1,1585,0.999,1.0,1,1586,1.0,1.0,1,1586,1.0,1.0
361,396,1,1587,1,921,0.58,1.0,1,1391,0.876,1.0,1,1484,0.935,1.0,1,1579,0.995,1.0,1,1586,0.999,1.0,1,1587,1.0,1.0,1,1587,1.0,1.0
362,398,2,1589,1,922,0.58,0.5,2,1393,0.877,1.0,2,1486,0.935,1.0,2,1581,0.995,1.0,2,1588,0.999,1.0,2,1589,1.0,1.0,2,1589,1.0,1.0
363,399,1,1590,0,922,0.58,0.0,1,1394,0.877,1.0,1,1487,0.935,1.0,1,1582,0.995,1.0,1,1589,0.999,1.0,1,1590,1.0,1.0,1,1590,1.0,1.0
364,400,1,1591,0,922,0.58,0.0,1,1395,0.877,1.0,1,1488,0.935,1.0,1,1583,0.995,1.0,1,1590,0.999,1.0,1,1591,1.0,1.0,1,1591,1.0,1.0
365,401,2,1593,2,924,0.58,1.0,2,1397,0.877,1.0,2,1490,0.935,1.0,2,1585,0.995,1.0,2,1592,0.999,1.0,2,1593,1.0,1.0,2,1593,1.0,1.0
366,402,1,1594,1,925,0.58,1.0,1,1398,0.877,1.0,1,1491,0.935,1.0,1,1586,0.995,1.0,1,1593,0.999,1.0,1,1594,1.0,1.0,1,1594,1.0,1.0
367,403,4,1598,2,927,0.58,0.5,3,1401,0.877,0.75,4,1495,0.936,1.0,4,1590,0.995,1.0,4,1597,0.999,1.0,4,1598,1.0,1.0,4,1598,1.0,1.0
368,406,1,1599,0,927,0.58,0.0,1,1402,0.877,1.0,1,1496,0.936,1.0,1,1591,0.995,1.0,1,1598,0.999,1.0,1,1599,1.0,1.0,1,1599,1.0,1.0
369,407,1,1600,1,928,0.58,1.0,1,1403,0.877,1.0,1,1497,0.936,1.0,1,1592,0.995,1.0,1,1599,0.999,1.0,1,1600,1.0,1.0,1,1600,1.0,1.0
370,408,4,1604,3,931,0.58,0.75,3,1406,0.877,0.75,3,1500,0.935,0.75,4,1596,0.995,1.0,4,1603,0.999,1.0,4,1604,1.0,1.0,4,1604,1.0,1.0
371,411,1,1605,0,931,0.58,0.0,1,1407,0.877,1.0,1,1501,0.935,1.0,1,1597,0.995,1.0,1,1604,0.999,1.0,1,1605,1.0,1.0,1,1605,1.0,1.0
372,412,2,1607,1,932,0.58,0.5,2,1409,0.877,1.0,2,1503,0.935,1.0,2,1599,0.995,1.0,2,1606,0.999,1.0,2,1607,1.0,1.0,2,1607,1.0,1.0
373,413,1,1608,1,933,0.58,1.0,1,1410,0.877,1.0,1,1504,0.935,1.0,1,1600,0.995,1.0,1,1607,0.999,1.0,1,1608,1.0,1.0,1,1608,1.0,1.0
374,415,1,1609,1,934,0.58,1.0,1,1411,0.877,1.0,1,1505,0.935,1.0,1,1601,0.995,1.0,1,1608,0.999,1.0,1,1609,1.0,1.0,1,1609,1.0,1.0
375,416,3,1612,2,936,0.581,0.667,2,1413,0.877,0.667,2,1507,0.935,0.667,3,1604,0.995,1.0,3,1611,0.999,1.0,3,1612,1.0,1.0,3,1612,1.0,1.0
376,417,2,1614,2,938,0.581,1.0,2,1415,0.877,1.0,2,1509,0.935,1.0,2,1606,0.995,1.0,2,1613,0.999,1.0,2,1614,1.0,1.0,2,1614,1.0,1.0
377,418,1,1615,0,938,0.581,0.0,1,1416,0.877,1.0,1,1510,0.935,1.0,1,1607,0.995,1.0,1,1614,0.999,1.0,1,1615,1.0,1.0,1,1615,1.0,1.0
378,419,1,1616,0,938,0.58,0.0,0,1416,0.876,0.0,1,1511,0.935,1.0,1,1608,0.995,1.0,1,1615,0.999,1.0,1,1616,1.0,1.0,1,1616,1.0,1.0
379,422,3,1619,2,940,0.581,0.667,3,1419,0.876,1.0,3,1514,0.935,1.0,3,1611,0.995,1.0,3,1618,0.999,1.0,3,1619,1.0,1.0,3,1619,1.0,1.0
380,423,1,1620,0,940,0.58,0.0,1,1420,0.877,1.0,1,1515,0.935,1.0,1,1612,0.995,1.0,1,1619,0.999,1.0,1,1620,1.0,1.0,1,1620,1.0,1.0
381,425,3,1623,2,942,0.58,0.667,3,1423,0.877,1.0,3,1518,0.935,1.0,3,1615,0.995,1.0,3,1622,0.999,1.0,3,1623,1.0,1.0,3,1623,1.0,1.0
382,426,1,1624,1,943,0.581,1.0,1,1424,0.877,1.0,1,1519,0.935,1.0,1,1616,0.995,1.0,1,1623,0.999,1.0,1,1624,1.0,1.0,1,1624,1.0,1.0
383,427,1,1625,1,944,0.581,1.0,1,1425,0.877,1.0,1,1520,0.935,1.0,1,1617,0.995,1.0,1,1624,0.999,1.0,1,1625,1.0,1.0,1,1625,1.0,1.0
384,428,1,1626,1,945,0.581,1.0,1,1426,0.877,1.0,1,1521,0.935,1.0,1,1618,0.995,1.0,1,1625,0.999,1.0,1,1626,1.0,1.0,1,1626,1.0,1.0
385,429,2,1628,1,946,0.581,0.5,2,1428,0.877,1.0,2,1523,0.936,1.0,2,1620,0.995,1.0,2,1627,0.999,1.0,2,1628,1.0,1.0,2,1628,1.0,1.0
386,430,2,1630,1,947,0.581,0.5,2,1430,0.877,1.0,2,1525,0.936,1.0,2,1622,0.995,1.0,2,1629,0.999,1.0,2,1630,1.0,1.0,2,1630,1.0,1.0
387,434,1,1631,1,948,0.581,1.0,1,1431,0.877,1.0,1,1526,0.936,1.0,1,1623,0.995,1.0,1,1630,0.999,1.0,1,1631,1.0,1.0,1,1631,1.0,1.0
388,435,1,1632,0,948,0.581,0.0,0,1431,0.877,0.0,0,1526,0.935,0.0,1,1624,0.995,1.0,1,1631,0.999,1.0,1,1632,1.0,1.0,1,1632,1.0,1.0
389,436,2,1634,1,949,0.581,0.5,2,1433,0.877,1.0,2,1528,0.935,1.0,2,1626,0.995,1.0,2,1633,0.999,1.0,2,1634,1.0,1.0,2,1634,1.0,1.0
390,438,2,1636,2,951,0.581,1.0,2,1435,0.877,1.0,2,1530,0.935,1.0,2,1628,0.995,1.0,2,1635,0.999,1.0,2,1636,1.0,1.0,2,1636,1.0,1.0
391,440,2,1638,2,953,0.582,1.0,2,1437,0.877,1.0,2,1532,0.935,1.0,2,1630,0.995,1.0,2,1637,0.999,1.0,2,1638,1.0,1.0,2,1638,1.0,1.0
392,442,1,1639,1,954,0.582,1.0,1,1438,0.877,1.0,1,1533,0.935,1.0,1,1631,0.995,1.0,1,1638,0.999,1.0,1,1639,1.0,1.0,1,1639,1.0,1.0
393,443,1,1640,0,954,0.582,0.0,1,1439,0.877,1.0,1,1534,0.935,1.0,1,1632,0.995,1.0,1,1639,0.999,1.0,1,1640,1.0,1.0,1,1640,1.0,1.0
394,444,3,1643,0,954,0.581,0.0,1,1440,0.876,0.333,2,1536,0.935,0.667,3,1635,0.995,1.0,3,1642,0.999,1.0,3,1643,1.0,1.0,3,1643,1.0,1.0
395,447,2,1645,2,956,0.581,1.0,2,1442,0.877,1.0,2,1538,0.935,1.0,2,1637,0.995,1.0,2,1644,0.999,1.0,2,1645,1.0,1.0,2,1645,1.0,1.0
396,449,1,1646,0,956,0.581,0.0,1,1443,0.877,1.0,1,1539,0.935,1.0,1,1638,0.995,1.0,1,1645,0.999,1.0,1,1646,1.0,1.0,1,1646,1.0,1.0
397,452,1,1647,0,956,0.58,0.0,1,1444,0.877,1.0,1,1540,0.935,1.0,1,1639,0.995,1.0,1,1646,0.999,1.0,1,1647,1.0,1.0,1,1647,1.0,1.0
398,456,1,1648,0,956,0.58,0.0,1,1445,0.877,1.0,1,1541,0.935,1.0,1,1640,0.995,1.0,1,1647,0.999,1.0,1,1648,1.0,1.0,1,1648,1.0,1.0
399,458,1,1649,1,957,0.58,1.0,1,1446,0.877,1.0,1,1542,0.935,1.0,1,1641,0.995,1.0,1,1648,0.999,1.0,1,1649,1.0,1.0,1,1649,1.0,1.0
400,461,1,1650,1,958,0.581,1.0,1,1447,0.877,1.0,1,1543,0.935,1.0,1,1642,0.995,1.0,1,1649,0.999,1.0,1,1650,1.0,1.0,1,1650,1.0,1.0
401,462,1,1651,1,959,0.581,1.0,1,1448,0.877,1.0,1,1544,0.935,1.0,1,1643,0.995,1.0,1,1650,0.999,1.0,1,1651,1.0,1.0,1,1651,1.0,1.0
402,463,1,1652,1,960,0.581,1.0,1,1449,0.877,1.0,1,1545,0.935,1.0,1,1644,0.995,1.0,1,1651,0.999,1.0,1,1652,1.0,1.0,1,1652,1.0,1.0
403,465,2,1654,1,961,0.581,0.5,2,1451,0.877,1.0,2,1547,0.935,1.0,2,1646,0.995,1.0,2,1653,0.999,1.0,2,1654,1.0,1.0,2,1654,1.0,1.0
404,468,1,1655,0,961,0.581,0.0,1,1452,0.877,1.0,1,1548,0.935,1.0,1,1647,0.995,1.0,1,1654,0.999,1.0,1,1655,1.0,1.0,1,1655,1.0,1.0
405,471,1,1656,0,961,0.58,0.0,1,1453,0.877,1.0,1,1549,0.935,1.0,1,1648,0.995,1.0,1,1655,0.999,1.0,1,1656,1.0,1.0,1,1656,1.0,1.0
406,472,1,1657,1,962,0.581,1.0,1,1454,0.877,1.0,1,1550,0.935,1.0,1,1649,0.995,1.0,1,1656,0.999,1.0,1,1657,1.0,1.0,1,1657,1.0,1.0
407,473,1,1658,0,962,0.58,0.0,1,1455,0.878,1.0,1,1551,0.935,1.0,1,1650,0.995,1.0,1,1657,0.999,1.0,1,1658,1.0,1.0,1,1658,1.0,1.0
408,475,1,1659,1,963,0.58,1.0,1,1456,0.878,1.0,1,1552,0.936,1.0,1,1651,0.995,1.0,1,1658,0.999,1.0,1,1659,1.0,1.0,1,1659,1.0,1.0
409,476,3,1662,1,964,0.58,0.333,3,1459,0.878,1.0,3,1555,0.936,1.0,3,1654,0.995,1.0,3,1661,0.999,1.0,3,1662,1.0,1.0,3,1662,1.0,1.0
410,477,1,1663,0,964,0.58,0.0,1,1460,0.878,1.0,1,1556,0.936,1.0,1,1655,0.995,1.0,1,1662,0.999,1.0,1,1663,1.0,1.0,1,1663,1.0,1.0
411,478,1,1664,1,965,0.58,1.0,1,1461,0.878,1.0,1,1557,0.936,1.0,1,1656,0.995,1.0,1,1663,0.999,1.0,1,1664,1.0,1.0,1,1664,1.0,1.0
412,483,1,1665,1,966,0.58,1.0,1,1462,0.878,1.0,1,1558,0.936,1.0,1,1657,0.995,1.0,1,1664,0.999,1.0,1,1665,1.0,1.0,1,1665,1.0,1.0
413,487,1,1666,1,967,0.58,1.0,1,1463,0.878,1.0,1,1559,0.936,1.0,1,1658,0.995,1.0,1,1665,0.999,1.0,1,1666,1.0,1.0,1,1666,1.0,1.0
414,488,1,1667,0,967,0.58,0.0,0,1463,0.878,0.0,1,1560,0.936,1.0,1,1659,0.995,1.0,1,1666,0.999,1.0,1,1667,1.0,1.0,1,1667,1.0,1.0
415,491,2,1669,2,969,0.581,1.0,2,1465,0.878,1.0,2,1562,0.936,1.0,2,1661,0.995,1.0,2,1668,0.999,1.0,2,1669,1.0,1.0,2,1669,1.0,1.0
416,492,2,1671,1,970,0.58,0.5,2,1467,0.878,1.0,2,1564,0.936,1.0,2,1663,0.995,1.0,2,1670,0.999,1.0,2,1671,1.0,1.0,2,1671,1.0,1.0
417,493,1,1672,0,970,0.58,0.0,1,1468,0.878,1.0,1,1565,0.936,1.0,1,1664,0.995,1.0,1,1671,0.999,1.0,1,1672,1.0,1.0,1,1672,1.0,1.0
418,495,1,1673,1,971,0.58,1.0,1,1469,0.878,1.0,1,1566,0.936,1.0,1,1665,0.995,1.0,1,1672,0.999,1.0,1,1673,1.0,1.0,1,1673,1.0,1.0
419,496,2,1675,2,973,0.581,1.0,2,1471,0.878,1.0,2,1568,0.936,1.0,2,1667,0.995,1.0,2,1674,0.999,1.0,2,1675,1.0,1.0,2,1675,1.0,1.0
420,498,2,1677,2,975,0.581,1.0,2,1473,0.878,1.0,2,1570,0.936,1.0,2,1669,0.995,1.0,2,1676,0.999,1.0,2,1677,1.0,1.0,2,1677,1.0,1.0
421,502,2,1679,2,977,0.582,1.0,2,1475,0.878,1.0,2,1572,0.936,1.0,2,1671,0.995,1.0,2,1678,0.999,1.0,2,1679,1.0,1.0,2,1679,1.0,1.0
422,503,1,1680,1,978,0.582,1.0,1,1476,0.879,1.0,1,1573,0.936,1.0,1,1672,0.995,1.0,1,1679,0.999,1.0,1,1680,1.0,1.0,1,1680,1.0,1.0
423,505,2,1682,2,980,0.583,1.0,2,1478,0.879,1.0,2,1575,0.936,1.0,2,1674,0.995,1.0,2,1681,0.999,1.0,2,1682,1.0,1.0,2,1682,1.0,1.0
424,506,1,1683,0,980,0.582,0.0,1,1479,0.879,1.0,1,1576,0.936,1.0,1,1675,0.995,1.0,1,1682,0.999,1.0,1,1683,1.0,1.0,1,1683,1.0,1.0
425,509,1,1684,1,981,0.583,1.0,1,1480,0.879,1.0,1,1577,0.936,1.0,1,1676,0.995,1.0,1,1683,0.999,1.0,1,1684,1.0,1.0,1,1684,1.0,1.0
426,514,1,1685,1,982,0.583,1.0,1,1481,0.879,1.0,1,1578,0.936,1.0,1,1677,0.995,1.0,1,1684,0.999,1.0,1,1685,1.0,1.0,1,1685,1.0,1.0
427,518,1,1686,1,983,0.583,1.0,1,1482,0.879,1.0,1,1579,0.937,1.0,1,1678,0.995,1.0,1,1685,0.999,1.0,1,1686,1.0,1.0,1,1686,1.0,1.0
428,521,1,1687,1,984,0.583,1.0,1,1483,0.879,1.0,1,1580,0.937,1.0,1,1679,0.995,1.0,1,1686,0.999,1.0,1,1687,1.0,1.0,1,1687,1.0,1.0
429,522,2,1689,2,986,0.584,1.0,2,1485,0.879,1.0,2,1582,0.937,1.0,2,1681,0.995,1.0,2,1688,0.999,1.0,2,1689,1.0,1.0,2,1689,1.0,1.0
430,525,1,1690,0,986,0.583,0.0,1,1486,0.879,1.0,1,1583,0.937,1.0,1,1682,0.995,1.0,1,1689,0.999,1.0,1,1690,1.0,1.0,1,1690,1.0,1.0
431,527,1,1691,1,987,0.584,1.0,1,1487,0.879,1.0,1,1584,0.937,1.0,1,1683,0.995,1.0,1,1690,0.999,1.0,1,1691,1.0,1.0,1,1691,1.0,1.0
432,530,1,1692,0,987,0.583,0.0,1,1488,0.879,1.0,1,1585,0.937,1.0,1,1684,0.995,1.0,1,1691,0.999,1.0,1,1692,1.0,1.0,1,1692,1.0,1.0
433,532,1,1693,0,987,0.583,0.0,1,1489,0.88,1.0,1,1586,0.937,1.0,1,1685,0.995,1.0,1,1692,0.999,1.0,1,1693,1.0,1.0,1,1693,1.0,1.0
434,534,2,1695,0,987,0.582,0.0,1,1490,0.879,0.5,2,1588,0.937,1.0,2,1687,0.995,1.0,2,1694,0.999,1.0,2,1695,1.0,1.0,2,1695,1.0,1.0
435,536,4,1699,2,989,0.582,0.5,3,1493,0.879,0.75,4,1592,0.937,1.0,4,1691,0.995,1.0,4,1698,0.999,1.0,4,1699,1.0,1.0,4,1699,1.0,1.0
436,537,1,1700,0,989,0.582,0.0,0,1493,0.878,0.0,0,1592,0.936,0.0,1,1692,0.995,1.0,1,1699,0.999,1.0,1,1700,1.0,1.0,1,1700,1.0,1.0
437,538,1,1701,0,989,0.581,0.0,1,1494,0.878,1.0,1,1593,0.937,1.0,1,1693,0.995,1.0,1,1700,0.999,1.0,1,1701,1.0,1.0,1,1701,1.0,1.0
438,542,1,1702,1,990,0.582,1.0,1,1495,0.878,1.0,1,1594,0.937,1.0,1,1694,0.995,1.0,1,1701,0.999,1.0,1,1702,1.0,1.0,1,1702,1.0,1.0
439,544,1,1703,1,991,0.582,1.0,1,1496,0.878,1.0,1,1595,0.937,1.0,1,1695,0.995,1.0,1,1702,0.999,1.0,1,1703,1.0,1.0,1,1703,1.0,1.0
440,548,1,1704,1,992,0.582,1.0,1,1497,0.879,1.0,1,1596,0.937,1.0,1,1696,0.995,1.0,1,1703,0.999,1.0,1,1704,1.0,1.0,1,1704,1.0,1.0
441,551,1,1705,1,993,0.582,1.0,1,1498,0.879,1.0,1,1597,0.937,1.0,1,1697,0.995,1.0,1,1704,0.999,1.0,1,1705,1.0,1.0,1,1705,1.0,1.0
442,557,1,1706,1,994,0.583,1.0,1,1499,0.879,1.0,1,1598,0.937,1.0,1,1698,0.995,1.0,1,1705,0.999,1.0,1,1706,1.0,1.0,1,1706,1.0,1.0
443,559,1,1707,0,994,0.582,0.0,0,1499,0.878,0.0,1,1599,0.937,1.0,1,1699,0.995,1.0,1,1706,0.999,1.0,1,1707,1.0,1.0,1,1707,1.0,1.0
444,561,1,1708,1,995,0.583,1.0,1,1500,0.878,1.0,1,1600,0.937,1.0,1,1700,0.995,1.0,1,1707,0.999,1.0,1,1708,1.0,1.0,1,1708,1.0,1.0
445,564,1,1709,0,995,0.582,0.0,1,1501,0.878,1.0,1,1601,0.937,1.0,1,1701,0.995,1.0,1,1708,0.999,1.0,1,1709,1.0,1.0,1,1709,1.0,1.0
446,566,1,1710,1,996,0.582,1.0,1,1502,0.878,1.0,1,1602,0.937,1.0,1,1702,0.995,1.0,1,1709,0.999,1.0,1,1710,1.0,1.0,1,1710,1.0,1.0
447,567,1,1711,1,997,0.583,1.0,1,1503,0.878,1.0,1,1603,0.937,1.0,1,1703,0.995,1.0,1,1710,0.999,1.0,1,1711,1.0,1.0,1,1711,1.0,1.0
448,571,2,1713,1,998,0.583,0.5,1,1504,0.878,0.5,2,1605,0.937,1.0,2,1705,0.995,1.0,2,1712,0.999,1.0,2,1713,1.0,1.0,2,1713,1.0,1.0
449,577,1,1714,1,999,0.583,1.0,1,1505,0.878,1.0,1,1606,0.937,1.0,1,1706,0.995,1.0,1,1713,0.999,1.0,1,1714,1.0,1.0,1,1714,1.0,1.0
450,579,1,1715,1,1000,0.583,1.0,1,1506,0.878,1.0,1,1607,0.937,1.0,1,1707,0.995,1.0,1,1714,0.999,1.0,1,1715,1.0,1.0,1,1715,1.0,1.0
451,580,1,1716,1,1001,0.583,1.0,1,1507,0.878,1.0,1,1608,0.937,1.0,1,1708,0.995,1.0,1,1715,0.999,1.0,1,1716,1.0,1.0,1,1716,1.0,1.0
452,584,1,1717,0,1001,0.583,0.0,1,1508,0.878,1.0,1,1609,0.937,1.0,1,1709,0.995,1.0,1,1716,0.999,1.0,1,1717,1.0,1.0,1,1717,1.0,1.0
453,586,1,1718,0,1001,0.583,0.0,1,1509,0.878,1.0,1,1610,0.937,1.0,1,1710,0.995,1.0,1,1717,0.999,1.0,1,1718,1.0,1.0,1,1718,1.0,1.0
454,590,3,1721,2,1003,0.583,0.667,3,1512,0.879,1.0,3,1613,0.937,1.0,3,1713,0.995,1.0,3,1720,0.999,1.0,3,1721,1.0,1.0,3,1721,1.0,1.0
455,592,1,1722,0,1003,0.582,0.0,1,1513,0.879,1.0,1,1614,0.937,1.0,1,1714,0.995,1.0,1,1721,0.999,1.0,1,1722,1.0,1.0,1,1722,1.0,1.0
456,593,1,1723,0,1003,0.582,0.0,1,1514,0.879,1.0,1,1615,0.937,1.0,1,1715,0.995,1.0,1,1722,0.999,1.0,1,1723,1.0,1.0,1,1723,1.0,1.0
457,595,1,1724,0,1003,0.582,0.0,1,1515,0.879,1.0,1,1616,0.937,1.0,1,1716,0.995,1.0,1,1723,0.999,1.0,1,1724,1.0,1.0,1,1724,1.0,1.0
458,596,1,1725,1,1004,0.582,1.0,1,1516,0.879,1.0,1,1617,0.937,1.0,1,1717,0.995,1.0,1,1724,0.999,1.0,1,1725,1.0,1.0,1,1725,1.0,1.0
459,599,1,1726,0,1004,0.582,0.0,1,1517,0.879,1.0,1,1618,0.937,1.0,1,1718,0.995,1.0,1,1725,0.999,1.0,1,1726,1.0,1.0,1,1726,1.0,1.0
460,603,1,1727,0,1004,0.581,0.0,1,1518,0.879,1.0,1,1619,0.937,1.0,1,1719,0.995,1.0,1,1726,0.999,1.0,1,1727,1.0,1.0,1,1727,1.0,1.0
461,605,1,1728,1,1005,0.582,1.0,1,1519,0.879,1.0,1,1620,0.938,1.0,1,1720,0.995,1.0,1,1727,0.999,1.0,1,1728,1.0,1.0,1,1728,1.0,1.0
462,607,1,1729,1,1006,0.582,1.0,1,1520,0.879,1.0,1,1621,0.938,1.0,1,1721,0.995,1.0,1,1728,0.999,1.0,1,1729,1.0,1.0,1,1729,1.0,1.0
463,609,1,1730,1,1007,0.582,1.0,1,1521,0.879,1.0,1,1622,0.938,1.0,1,1722,0.995,1.0,1,1729,0.999,1.0,1,1730,1.0,1.0,1,1730,1.0,1.0
464,610,1,1731,1,1008,0.582,1.0,1,1522,0.879,1.0,1,1623,0.938,1.0,1,1723,0.995,1.0,1,1730,0.999,1.0,1,1731,1.0,1.0,1,1731,1.0,1.0
465,611,3,1734,1,1009,0.582,0.333,2,1524,0.879,0.667,3,1626,0.938,1.0,3,1726,0.995,1.0,3,1733,0.999,1.0,3,1734,1.0,1.0,3,1734,1.0,1.0
466,613,2,1736,1,1010,0.582,0.5,1,1525,0.878,0.5,1,1627,0.937,0.5,2,1728,0.995,1.0,2,1735,0.999,1.0,2,1736,1.0,1.0,2,1736,1.0,1.0
467,614,3,1739,2,1012,0.582,0.667,3,1528,0.879,1.0,3,1630,0.937,1.0,3,1731,0.995,1.0,3,1738,0.999,1.0,3,1739,1.0,1.0,3,1739,1.0,1.0
468,616,3,1742,2,1014,0.582,0.667,3,1531,0.879,1.0,3,1633,0.937,1.0,3,1734,0.995,1.0,3,1741,0.999,1.0,3,1742,1.0,1.0,3,1742,1.0,1.0
469,620,1,1743,1,1015,0.582,1.0,1,1532,0.879,1.0,1,1634,0.937,1.0,1,1735,0.995,1.0,1,1742,0.999,1.0,1,1743,1.0,1.0,1,1743,1.0,1.0
470,624,2,1745,1,1016,0.582,0.5,2,1534,0.879,1.0,2,1636,0.938,1.0,2,1737,0.995,1.0,2,1744,0.999,1.0,2,1745,1.0,1.0,2,1745,1.0,1.0
471,628,1,1746,0,1016,0.582,0.0,1,1535,0.879,1.0,1,1637,0.938,1.0,1,1738,0.995,1.0,1,1745,0.999,1.0,1,1746,1.0,1.0,1,1746,1.0,1.0
472,630,1,1747,1,1017,0.582,1.0,1,1536,0.879,1.0,1,1638,0.938,1.0,1,1739,0.995,1.0,1,1746,0.999,1.0,1,1747,1.0,1.0,1,1747,1.0,1.0
473,632,1,1748,0,1017,0.582,0.0,1,1537,0.879,1.0,1,1639,0.938,1.0,1,1740,0.995,1.0,1,1747,0.999,1.0,1,1748,1.0,1.0,1,1748,1.0,1.0
474,634,2,1750,1,1018,0.582,0.5,2,1539,0.879,1.0,2,1641,0.938,1.0,2,1742,0.995,1.0,2,1749,0.999,1.0,2,1750,1.0,1.0,2,1750,1.0,1.0
475,636,1,1751,1,1019,0.582,1.0,1,1540,0.879,1.0,1,1642,0.938,1.0,1,1743,0.995,1.0,1,1750,0.999,1.0,1,1751,1.0,1.0,1,1751,1.0,1.0
476,639,1,1752,0,1019,0.582,0.0,1,1541,0.88,1.0,1,1643,0.938,1.0,1,1744,0.995,1.0,1,1751,0.999,1.0,1,1752,1.0,1.0,1,1752,1.0,1.0
477,644,1,1753,0,1019,0.581,0.0,1,1542,0.88,1.0,1,1644,0.938,1.0,1,1745,0.995,1.0,1,1752,0.999,1.0,1,1753,1.0,1.0,1,1753,1.0,1.0
478,648,1,1754,1,1020,0.582,1.0,1,1543,0.88,1.0,1,1645,0.938,1.0,1,1746,0.995,1.0,1,1753,0.999,1.0,1,1754,1.0,1.0,1,1754,1.0,1.0
479,649,1,1755,0,1020,0.581,0.0,1,1544,0.88,1.0,1,1646,0.938,1.0,1,1747,0.995,1.0,1,1754,0.999,1.0,1,1755,1.0,1.0,1,1755,1.0,1.0
480,650,1,1756,0,1020,0.581,0.0,1,1545,0.88,1.0,1,1647,0.938,1.0,1,1748,0.995,1.0,1,1755,0.999,1.0,1,1756,1.0,1.0,1,1756,1.0,1.0
481,652,1,1757,1,1021,0.581,1.0,1,1546,0.88,1.0,1,1648,0.938,1.0,1,1749,0.995,1.0,1,1756,0.999,1.0,1,1757,1.0,1.0,1,1757,1.0,1.0
482,653,1,1758,1,1022,0.581,1.0,1,1547,0.88,1.0,1,1649,0.938,1.0,1,1750,0.995,1.0,1,1757,0.999,1.0,1,1758,1.0,1.0,1,1758,1.0,1.0
483,658,1,1759,1,1023,0.582,1.0,1,1548,0.88,1.0,1,1650,0.938,1.0,1,1751,0.995,1.0,1,1758,0.999,1.0,1,1759,1.0,1.0,1,1759,1.0,1.0
484,667,1,1760,1,1024,0.582,1.0,1,1549,0.88,1.0,1,1651,0.938,1.0,1,1752,0.995,1.0,1,1759,0.999,1.0,1,1760,1.0,1.0,1,1760,1.0,1.0
485,668,2,1762,2,1026,0.582,1.0,2,1551,0.88,1.0,2,1653,0.938,1.0,2,1754,0.995,1.0,2,1761,0.999,1.0,2,1762,1.0,1.0,2,1762,1.0,1.0
486,669,1,1763,1,1027,0.583,1.0,1,1552,0.88,1.0,1,1654,0.938,1.0,1,1755,0.995,1.0,1,1762,0.999,1.0,1,1763,1.0,1.0,1,1763,1.0,1.0
487,671,1,1764,1,1028,0.583,1.0,1,1553,0.88,1.0,1,1655,0.938,1.0,1,1756,0.995,1.0,1,1763,0.999,1.0,1,1764,1.0,1.0,1,1764,1.0,1.0
488,676,2,1766,1,1029,0.583,0.5,2,1555,0.881,1.0,2,1657,0.938,1.0,2,1758,0.995,1.0,2,1765,0.999,1.0,2,1766,1.0,1.0,2,1766,1.0,1.0
489,684,1,1767,0,1029,0.582,0.0,1,1556,0.881,1.0,1,1658,0.938,1.0,1,1759,0.995,1.0,1,1766,0.999,1.0,1,1767,1.0,1.0,1,1767,1.0,1.0
490,689,1,1768,1,1030,0.583,1.0,1,1557,0.881,1.0,1,1659,0.938,1.0,1,1760,0.995,1.0,1,1767,0.999,1.0,1,1768,1.0,1.0,1,1768,1.0,1.0
491,692,1,1769,0,1030,0.582,0.0,1,1558,0.881,1.0,1,1660,0.938,1.0,1,1761,0.995,1.0,1,1768,0.999,1.0,1,1769,1.0,1.0,1,1769,1.0,1.0
492,703,1,1770,1,1031,0.582,1.0,1,1559,0.881,1.0,1,1661,0.938,1.0,1,1762,0.995,1.0,1,1769,0.999,1.0,1,1770,1.0,1.0,1,1770,1.0,1.0
493,710,1,1771,1,1032,0.583,1.0,1,1560,0.881,1.0,1,1662,0.938,1.0,1,1763,0.995,1.0,1,1770,0.999,1.0,1,1771,1.0,1.0,1,1771,1.0,1.0
494,723,1,1772,1,1033,0.583,1.0,1,1561,0.881,1.0,1,1663,0.938,1.0,1,1764,0.995,1.0,1,1771,0.999,1.0,1,1772,1.0,1.0,1,1772,1.0,1.0
495,725,1,1773,1,1034,0.583,1.0,1,1562,0.881,1.0,1,1664,0.939,1.0,1,1765,0.995,1.0,1,1772,0.999,1.0,1,1773,1.0,1.0,1,1773,1.0,1.0
496,727,1,1774,0,1034,0.583,0.0,1,1563,0.881,1.0,1,1665,0.939,1.0,1,1766,0.995,1.0,1,1773,0.999,1.0,1,1774,1.0,1.0,1,1774,1.0,1.0
497,729,1,1775,1,1035,0.583,1.0,1,1564,0.881,1.0,1,1666,0.939,1.0,1,1767,0.995,1.0,1,1774,0.999,1.0,1,1775,1.0,1.0,1,1775,1.0,1.0
498,737,1,1776,1,1036,0.583,1.0,1,1565,0.881,1.0,1,1667,0.939,1.0,1,1768,0.995,1.0,1,1775,0.999,1.0,1,1776,1.0,1.0,1,1776,1.0,1.0
499,738,1,1777,1,1037,0.584,1.0,1,1566,0.881,1.0,1,1668,0.939,1.0,1,1769,0.995,1.0,1,1776,0.999,1.0,1,1777,1.0,1.0,1,1777,1.0,1.0
500,741,1,1778,0,1037,0.583,0.0,1,1567,0.881,1.0,1,1669,0.939,1.0,1,1770,0.996,1.0,1,1777,0.999,1.0,1,1778,1.0,1.0,1,1778,1.0,1.0
501,749,1,1779,1,1038,0.583,1.0,1,1568,0.881,1.0,1,1670,0.939,1.0,1,1771,0.996,1.0,1,1778,0.999,1.0,1,1779,1.0,1.0,1,1779,1.0,1.0
502,753,1,1780,1,1039,0.584,1.0,1,1569,0.881,1.0,1,1671,0.939,1.0,1,1772,0.996,1.0,1,1779,0.999,1.0,1,1780,1.0,1.0,1,1780,1.0,1.0
503,760,1,1781,0,1039,0.583,0.0,1,1570,0.882,1.0,1,1672,0.939,1.0,1,1773,0.996,1.0,1,1780,0.999,1.0,1,1781,1.0,1.0,1,1781,1.0,1.0
504,762,1,1782,0,1039,0.583,0.0,1,1571,0.882,1.0,1,1673,0.939,1.0,1,1774,0.996,1.0,1,1781,0.999,1.0,1,1782,1.0,1.0,1,1782,1.0,1.0
505,770,2,1784,2,1041,0.584,1.0,2,1573,0.882,1.0,2,1675,0.939,1.0,2,1776,0.996,1.0,2,1783,0.999,1.0,2,1784,1.0,1.0,2,1784,1.0,1.0
506,776,1,1785,0,1041,0.583,0.0,1,1574,0.882,1.0,1,1676,0.939,1.0,1,1777,0.996,1.0,1,1784,0.999,1.0,1,1785,1.0,1.0,1,1785,1.0,1.0
507,791,1,1786,1,1042,0.583,1.0,1,1575,0.882,1.0,1,1677,0.939,1.0,1,1778,0.996,1.0,1,1785,0.999,1.0,1,1786,1.0,1.0,1,1786,1.0,1.0
508,792,1,1787,1,1043,0.584,1.0,1,1576,0.882,1.0,1,1678,0.939,1.0,1,1779,0.996,1.0,1,1786,0.999,1.0,1,1787,1.0,1.0,1,1787,1.0,1.0
509,798,1,1788,1,1044,0.584,1.0,1,1577,0.882,1.0,1,1679,0.939,1.0,1,1780,0.996,1.0,1,1787,0.999,1.0,1,1788,1.0,1.0,1,1788,1.0,1.0
510,807,1,1789,0,1044,0.584,0.0,1,1578,0.882,1.0,1,1680,0.939,1.0,1,1781,0.996,1.0,1,1788,0.999,1.0,1,1789,1.0,1.0,1,1789,1.0,1.0
511,809,2,1791,2,1046,0.584,1.0,2,1580,0.882,1.0,2,1682,0.939,1.0,2,1783,0.996,1.0,2,1790,0.999,1.0,2,1791,1.0,1.0,2,1791,1.0,1.0
512,810,1,1792,1,1047,0.584,1.0,1,1581,0.882,1.0,1,1683,0.939,1.0,1,1784,0.996,1.0,1,1791,0.999,1.0,1,1792,1.0,1.0,1,1792,1.0,1.0
513,816,1,1793,0,1047,0.584,0.0,1,1582,0.882,1.0,1,1684,0.939,1.0,1,1785,0.996,1.0,1,1792,0.999,1.0,1,1793,1.0,1.0,1,1793,1.0,1.0
514,832,1,1794,1,1048,0.584,1.0,1,1583,0.882,1.0,1,1685,0.939,1.0,1,1786,0.996,1.0,1,1793,0.999,1.0,1,1794,1.0,1.0,1,1794,1.0,1.0
515,839,1,1795,0,1048,0.584,0.0,1,1584,0.882,1.0,1,1686,0.939,1.0,1,1787,0.996,1.0,1,1794,0.999,1.0,1,1795,1.0,1.0,1,1795,1.0,1.0
516,844,1,1796,1,1049,0.584,1.0,1,1585,0.883,1.0,1,1687,0.939,1.0,1,1788,0.996,1.0,1,1795,0.999,1.0,1,1796,1.0,1.0,1,1796,1.0,1.0
517,847,1,1797,1,1050,0.584,1.0,1,1586,0.883,1.0,1,1688,0.939,1.0,1,1789,0.996,1.0,1,1796,0.999,1.0,1,1797,1.0,1.0,1,1797,1.0,1.0
518,858,1,1798,0,1050,0.584,0.0,1,1587,0.883,1.0,1,1689,0.939,1.0,1,1790,0.996,1.0,1,1797,0.999,1.0,1,1798,1.0,1.0,1,1798,1.0,1.0
519,867,1,1799,1,1051,0.584,1.0,1,1588,0.883,1.0,1,1690,0.939,1.0,1,1791,0.996,1.0,1,1798,0.999,1.0,1,1799,1.0,1.0,1,1799,1.0,1.0
520,871,1,1800,1,1052,0.584,1.0,1,1589,0.883,1.0,1,1691,0.939,1.0,1,1792,0.996,1.0,1,1799,0.999,1.0,1,1800,1.0,1.0,1,1800,1.0,1.0
521,873,1,1801,1,1053,0.585,1.0,1,1590,0.883,1.0,1,1692,0.939,1.0,1,1793,0.996,1.0,1,1800,0.999,1.0,1,1801,1.0,1.0,1,1801,1.0,1.0
522,888,1,1802,1,1054,0.585,1.0,1,1591,0.883,1.0,1,1693,0.94,1.0,1,1794,0.996,1.0,1,1801,0.999,1.0,1,1802,1.0,1.0,1,1802,1.0,1.0
523,895,2,1804,2,1056,0.585,1.0,2,1593,0.883,1.0,2,1695,0.94,1.0,2,1796,0.996,1.0,2,1803,0.999,1.0,2,1804,1.0,1.0,2,1804,1.0,1.0
524,898,4,1808,2,1058,0.585,0.5,4,1597,0.883,1.0,4,1699,0.94,1.0,4,1800,0.996,1.0,4,1807,0.999,1.0,4,1808,1.0,1.0,4,1808,1.0,1.0
525,903,1,1809,1,1059,0.585,1.0,1,1598,0.883,1.0,1,1700,0.94,1.0,1,1801,0.996,1.0,1,1808,0.999,1.0,1,1809,1.0,1.0,1,1809,1.0,1.0
526,912,1,1810,1,1060,0.586,1.0,1,1599,0.883,1.0,1,1701,0.94,1.0,1,1802,0.996,1.0,1,1809,0.999,1.0,1,1810,1.0,1.0,1,1810,1.0,1.0
527,915,1,1811,0,1060,0.585,0.0,1,1600,0.883,1.0,1,1702,0.94,1.0,1,1803,0.996,1.0,1,1810,0.999,1.0,1,1811,1.0,1.0,1,1811,1.0,1.0
528,921,1,1812,1,1061,0.586,1.0,1,1601,0.884,1.0,1,1703,0.94,1.0,1,1804,0.996,1.0,1,1811,0.999,1.0,1,1812,1.0,1.0,1,1812,1.0,1.0
529,938,1,1813,0,1061,0.585,0.0,1,1602,0.884,1.0,1,1704,0.94,1.0,1,1805,0.996,1.0,1,1812,0.999,1.0,1,1813,1.0,1.0,1,1813,1.0,1.0
530,939,1,1814,1,1062,0.585,1.0,1,1603,0.884,1.0,1,1705,0.94,1.0,1,1806,0.996,1.0,1,1813,0.999,1.0,1,1814,1.0,1.0,1,1814,1.0,1.0
531,942,1,1815,1,1063,0.586,1.0,1,1604,0.884,1.0,1,1706,0.94,1.0,1,1807,0.996,1.0,1,1814,0.999,1.0,1,1815,1.0,1.0,1,1815,1.0,1.0
532,945,1,1816,1,1064,0.586,1.0,1,1605,0.884,1.0,1,1707,0.94,1.0,1,1808,0.996,1.0,1,1815,0.999,1.0,1,1816,1.0,1.0,1,1816,1.0,1.0
533,960,1,1817,1,1065,0.586,1.0,1,1606,0.884,1.0,1,1708,0.94,1.0,1,1809,0.996,1.0,1,1816,0.999,1.0,1,1817,1.0,1.0,1,1817,1.0,1.0
534,962,1,1818,1,1066,0.586,1.0,1,1607,0.884,1.0,1,1709,0.94,1.0,1,1810,0.996,1.0,1,1817,0.999,1.0,1,1818,1.0,1.0,1,1818,1.0,1.0
535,972,1,1819,1,1067,0.587,1.0,1,1608,0.884,1.0,1,1710,0.94,1.0,1,1811,0.996,1.0,1,1818,0.999,1.0,1,1819,1.0,1.0,1,1819,1.0,1.0
