,idx,pop_num,pop_cum_num,ID_num_0.68,ID_cum_num_0.68,ID_cum_rate_0.68,ID_rate_0.68,ID_num_0.9,ID_cum_num_0.9,ID_cum_rate_0.9,ID_rate_0.9,ID_num_0.95,ID_cum_num_0.95,ID_cum_rate_0.95,ID_rate_0.95,ID_num_0.99,ID_cum_num_0.99,ID_cum_rate_0.99,ID_rate_0.99,ID_num_0.999,ID_cum_num_0.999,ID_cum_rate_0.999,ID_rate_0.999,ID_num_0.9999,ID_cum_num_0.9999,ID_cum_rate_0.9999,ID_rate_0.9999,ID_num_0.99999,ID_cum_num_0.99999,ID_cum_rate_0.99999,ID_rate_0.99999
0,1,1,1,1,1,1.0,1.0,1,1,1.0,1.0,1,1,1.0,1.0,1,1,1.0,1.0,1,1,1.0,1.0,1,1,1.0,1.0,1,1,1.0,1.0
1,2,2,3,0,1,0.333,0.0,2,3,1.0,1.0,2,3,1.0,1.0,2,3,1.0,1.0,2,3,1.0,1.0,2,3,1.0,1.0,2,3,1.0,1.0
2,3,1,4,1,2,0.5,1.0,1,4,1.0,1.0,1,4,1.0,1.0,1,4,1.0,1.0,1,4,1.0,1.0,1,4,1.0,1.0,1,4,1.0,1.0
3,4,3,7,2,4,0.571,0.667,2,6,0.857,0.667,2,6,0.857,0.667,3,7,1.0,1.0,3,7,1.0,1.0,3,7,1.0,1.0,3,7,1.0,1.0
4,5,1,8,0,4,0.5,0.0,1,7,0.875,1.0,1,7,0.875,1.0,1,8,1.0,1.0,1,8,1.0,1.0,1,8,1.0,1.0,1,8,1.0,1.0
5,6,4,12,2,6,0.5,0.5,4,11,0.917,1.0,4,11,0.917,1.0,4,12,1.0,1.0,4,12,1.0,1.0,4,12,1.0,1.0,4,12,1.0,1.0
6,7,2,14,1,7,0.5,0.5,2,13,0.929,1.0,2,13,0.929,1.0,2,14,1.0,1.0,2,14,1.0,1.0,2,14,1.0,1.0,2,14,1.0,1.0
7,8,1,15,0,7,0.467,0.0,1,14,0.933,1.0,1,14,0.933,1.0,1,15,1.0,1.0,1,15,1.0,1.0,1,15,1.0,1.0,1,15,1.0,1.0
8,9,2,17,1,8,0.471,0.5,2,16,0.941,1.0,2,16,0.941,1.0,2,17,1.0,1.0,2,17,1.0,1.0,2,17,1.0,1.0,2,17,1.0,1.0
9,10,3,20,1,9,0.45,0.333,2,18,0.9,0.667,2,18,0.9,0.667,2,19,0.95,0.667,3,20,1.0,1.0,3,20,1.0,1.0,3,20,1.0,1.0
10,11,1,21,0,9,0.429,0.0,0,18,0.857,0.0,0,18,0.857,0.0,1,20,0.952,1.0,1,21,1.0,1.0,1,21,1.0,1.0,1,21,1.0,1.0
11,12,2,23,2,11,0.478,1.0,2,20,0.87,1.0,2,20,0.87,1.0,2,22,0.957,1.0,2,23,1.0,1.0,2,23,1.0,1.0,2,23,1.0,1.0
12,15,2,25,2,13,0.52,1.0,2,22,0.88,1.0,2,22,0.88,1.0,2,24,0.96,1.0,2,25,1.0,1.0,2,25,1.0,1.0,2,25,1.0,1.0
13,16,1,26,1,14,0.538,1.0,1,23,0.885,1.0,1,23,0.885,1.0,1,25,0.962,1.0,1,26,1.0,1.0,1,26,1.0,1.0,1,26,1.0,1.0
14,18,4,30,4,18,0.6,1.0,4,27,0.9,1.0,4,27,0.9,1.0,4,29,0.967,1.0,4,30,1.0,1.0,4,30,1.0,1.0,4,30,1.0,1.0
15,19,1,31,0,18,0.581,0.0,0,27,0.871,0.0,1,28,0.903,1.0,1,30,0.968,1.0,1,31,1.0,1.0,1,31,1.0,1.0,1,31,1.0,1.0
16,20,1,32,0,18,0.562,0.0,1,28,0.875,1.0,1,29,0.906,1.0,1,31,0.969,1.0,1,32,1.0,1.0,1,32,1.0,1.0,1,32,1.0,1.0
17,22,2,34,0,18,0.529,0.0,2,30,0.882,1.0,2,31,0.912,1.0,2,33,0.971,1.0,2,34,1.0,1.0,2,34,1.0,1.0,2,34,1.0,1.0
18,23,6,40,6,24,0.6,1.0,6,36,0.9,1.0,6,37,0.925,1.0,6,39,0.975,1.0,6,40,1.0,1.0,6,40,1.0,1.0,6,40,1.0,1.0
19,24,4,44,3,27,0.614,0.75,4,40,0.909,1.0,4,41,0.932,1.0,4,43,0.977,1.0,4,44,1.0,1.0,4,44,1.0,1.0,4,44,1.0,1.0
20,25,2,46,2,29,0.63,1.0,2,42,0.913,1.0,2,43,0.935,1.0,2,45,0.978,1.0,2,46,1.0,1.0,2,46,1.0,1.0,2,46,1.0,1.0
21,26,2,48,0,29,0.604,0.0,2,44,0.917,1.0,2,45,0.938,1.0,2,47,0.979,1.0,2,48,1.0,1.0,2,48,1.0,1.0,2,48,1.0,1.0
22,27,1,49,1,30,0.612,1.0,1,45,0.918,1.0,1,46,0.939,1.0,1,48,0.98,1.0,1,49,1.0,1.0,1,49,1.0,1.0,1,49,1.0,1.0
23,28,3,52,2,32,0.615,0.667,3,48,0.923,1.0,3,49,0.942,1.0,3,51,0.981,1.0,3,52,1.0,1.0,3,52,1.0,1.0,3,52,1.0,1.0
24,29,1,53,1,33,0.623,1.0,1,49,0.925,1.0,1,50,0.943,1.0,1,52,0.981,1.0,1,53,1.0,1.0,1,53,1.0,1.0,1,53,1.0,1.0
25,30,1,54,1,34,0.63,1.0,1,50,0.926,1.0,1,51,0.944,1.0,1,53,0.981,1.0,1,54,1.0,1.0,1,54,1.0,1.0,1,54,1.0,1.0
26,31,1,55,0,34,0.618,0.0,0,50,0.909,0.0,1,52,0.945,1.0,1,54,0.982,1.0,1,55,1.0,1.0,1,55,1.0,1.0,1,55,1.0,1.0
27,32,3,58,2,36,0.621,0.667,3,53,0.914,1.0,3,55,0.948,1.0,3,57,0.983,1.0,3,58,1.0,1.0,3,58,1.0,1.0,3,58,1.0,1.0
28,33,5,63,1,37,0.587,0.2,4,57,0.905,0.8,5,60,0.952,1.0,5,62,0.984,1.0,5,63,1.0,1.0,5,63,1.0,1.0,5,63,1.0,1.0
29,34,1,64,1,38,0.594,1.0,1,58,0.906,1.0,1,61,0.953,1.0,1,63,0.984,1.0,1,64,1.0,1.0,1,64,1.0,1.0,1,64,1.0,1.0
30,35,4,68,3,41,0.603,0.75,4,62,0.912,1.0,4,65,0.956,1.0,4,67,0.985,1.0,4,68,1.0,1.0,4,68,1.0,1.0,4,68,1.0,1.0
31,36,2,70,1,42,0.6,0.5,2,64,0.914,1.0,2,67,0.957,1.0,2,69,0.986,1.0,2,70,1.0,1.0,2,70,1.0,1.0,2,70,1.0,1.0
32,37,2,72,1,43,0.597,0.5,2,66,0.917,1.0,2,69,0.958,1.0,2,71,0.986,1.0,2,72,1.0,1.0,2,72,1.0,1.0,2,72,1.0,1.0
33,38,5,77,4,47,0.61,0.8,5,71,0.922,1.0,5,74,0.961,1.0,5,76,0.987,1.0,5,77,1.0,1.0,5,77,1.0,1.0,5,77,1.0,1.0
34,39,2,79,2,49,0.62,1.0,2,73,0.924,1.0,2,76,0.962,1.0,2,78,0.987,1.0,2,79,1.0,1.0,2,79,1.0,1.0,2,79,1.0,1.0
35,40,2,81,2,51,0.63,1.0,2,75,0.926,1.0,2,78,0.963,1.0,2,80,0.988,1.0,2,81,1.0,1.0,2,81,1.0,1.0,2,81,1.0,1.0
36,41,4,85,2,53,0.624,0.5,3,78,0.918,0.75,4,82,0.965,1.0,4,84,0.988,1.0,4,85,1.0,1.0,4,85,1.0,1.0,4,85,1.0,1.0
37,42,2,87,1,54,0.621,0.5,2,80,0.92,1.0,2,84,0.966,1.0,2,86,0.989,1.0,2,87,1.0,1.0,2,87,1.0,1.0,2,87,1.0,1.0
38,43,4,91,2,56,0.615,0.5,2,82,0.901,0.5,3,87,0.956,0.75,4,90,0.989,1.0,4,91,1.0,1.0,4,91,1.0,1.0,4,91,1.0,1.0
39,44,1,92,1,57,0.62,1.0,1,83,0.902,1.0,1,88,0.957,1.0,1,91,0.989,1.0,1,92,1.0,1.0,1,92,1.0,1.0,1,92,1.0,1.0
40,45,2,94,1,58,0.617,0.5,2,85,0.904,1.0,2,90,0.957,1.0,2,93,0.989,1.0,2,94,1.0,1.0,2,94,1.0,1.0,2,94,1.0,1.0
41,46,2,96,1,59,0.615,0.5,1,86,0.896,0.5,2,92,0.958,1.0,2,95,0.99,1.0,2,96,1.0,1.0,2,96,1.0,1.0,2,96,1.0,1.0
42,47,1,97,1,60,0.619,1.0,1,87,0.897,1.0,1,93,0.959,1.0,1,96,0.99,1.0,1,97,1.0,1.0,1,97,1.0,1.0,1,97,1.0,1.0
43,48,3,100,1,61,0.61,0.333,3,90,0.9,1.0,3,96,0.96,1.0,3,99,0.99,1.0,3,100,1.0,1.0,3,100,1.0,1.0,3,100,1.0,1.0
44,49,2,102,0,61,0.598,0.0,2,92,0.902,1.0,2,98,0.961,1.0,2,101,0.99,1.0,2,102,1.0,1.0,2,102,1.0,1.0,2,102,1.0,1.0
45,50,1,103,1,62,0.602,1.0,1,93,0.903,1.0,1,99,0.961,1.0,1,102,0.99,1.0,1,103,1.0,1.0,1,103,1.0,1.0,1,103,1.0,1.0
46,51,2,105,1,63,0.6,0.5,2,95,0.905,1.0,2,101,0.962,1.0,2,104,0.99,1.0,2,105,1.0,1.0,2,105,1.0,1.0,2,105,1.0,1.0
47,52,1,106,1,64,0.604,1.0,1,96,0.906,1.0,1,102,0.962,1.0,1,105,0.991,1.0,1,106,1.0,1.0,1,106,1.0,1.0,1,106,1.0,1.0
48,53,4,110,3,67,0.609,0.75,3,99,0.9,0.75,3,105,0.955,0.75,3,108,0.982,0.75,4,110,1.0,1.0,4,110,1.0,1.0,4,110,1.0,1.0
49,54,1,111,1,68,0.613,1.0,1,100,0.901,1.0,1,106,0.955,1.0,1,109,0.982,1.0,1,111,1.0,1.0,1,111,1.0,1.0,1,111,1.0,1.0
50,55,3,114,2,70,0.614,0.667,3,103,0.904,1.0,3,109,0.956,1.0,3,112,0.982,1.0,3,114,1.0,1.0,3,114,1.0,1.0,3,114,1.0,1.0
51,56,6,120,2,72,0.6,0.333,5,108,0.9,0.833,6,115,0.958,1.0,6,118,0.983,1.0,6,120,1.0,1.0,6,120,1.0,1.0,6,120,1.0,1.0
52,57,4,124,3,75,0.605,0.75,4,112,0.903,1.0,4,119,0.96,1.0,4,122,0.984,1.0,4,124,1.0,1.0,4,124,1.0,1.0,4,124,1.0,1.0
53,58,3,127,2,77,0.606,0.667,2,114,0.898,0.667,3,122,0.961,1.0,3,125,0.984,1.0,3,127,1.0,1.0,3,127,1.0,1.0,3,127,1.0,1.0
54,59,2,129,1,78,0.605,0.5,2,116,0.899,1.0,2,124,0.961,1.0,2,127,0.984,1.0,2,129,1.0,1.0,2,129,1.0,1.0,2,129,1.0,1.0
55,60,7,136,6,84,0.618,0.857,7,123,0.904,1.0,7,131,0.963,1.0,7,134,0.985,1.0,7,136,1.0,1.0,7,136,1.0,1.0,7,136,1.0,1.0
56,61,2,138,2,86,0.623,1.0,2,125,0.906,1.0,2,133,0.964,1.0,2,136,0.986,1.0,2,138,1.0,1.0,2,138,1.0,1.0,2,138,1.0,1.0
57,62,3,141,2,88,0.624,0.667,3,128,0.908,1.0,3,136,0.965,1.0,3,139,0.986,1.0,3,141,1.0,1.0,3,141,1.0,1.0,3,141,1.0,1.0
58,63,2,143,2,90,0.629,1.0,2,130,0.909,1.0,2,138,0.965,1.0,2,141,0.986,1.0,2,143,1.0,1.0,2,143,1.0,1.0,2,143,1.0,1.0
59,64,3,146,2,92,0.63,0.667,3,133,0.911,1.0,3,141,0.966,1.0,3,144,0.986,1.0,3,146,1.0,1.0,3,146,1.0,1.0,3,146,1.0,1.0
60,65,1,147,0,92,0.626,0.0,1,134,0.912,1.0,1,142,0.966,1.0,1,145,0.986,1.0,1,147,1.0,1.0,1,147,1.0,1.0,1,147,1.0,1.0
61,66,2,149,1,93,0.624,0.5,2,136,0.913,1.0,2,144,0.966,1.0,2,147,0.987,1.0,2,149,1.0,1.0,2,149,1.0,1.0,2,149,1.0,1.0
62,67,3,152,2,95,0.625,0.667,3,139,0.914,1.0,3,147,0.967,1.0,3,150,0.987,1.0,3,152,1.0,1.0,3,152,1.0,1.0,3,152,1.0,1.0
63,68,2,154,2,97,0.63,1.0,2,141,0.916,1.0,2,149,0.968,1.0,2,152,0.987,1.0,2,154,1.0,1.0,2,154,1.0,1.0,2,154,1.0,1.0
64,69,3,157,3,100,0.637,1.0,3,144,0.917,1.0,3,152,0.968,1.0,3,155,0.987,1.0,3,157,1.0,1.0,3,157,1.0,1.0,3,157,1.0,1.0
65,70,1,158,1,101,0.639,1.0,1,145,0.918,1.0,1,153,0.968,1.0,1,156,0.987,1.0,1,158,1.0,1.0,1,158,1.0,1.0,1,158,1.0,1.0
66,71,1,159,0,101,0.635,0.0,1,146,0.918,1.0,1,154,0.969,1.0,1,157,0.987,1.0,1,159,1.0,1.0,1,159,1.0,1.0,1,159,1.0,1.0
67,72,3,162,2,103,0.636,0.667,3,149,0.92,1.0,3,157,0.969,1.0,3,160,0.988,1.0,3,162,1.0,1.0,3,162,1.0,1.0,3,162,1.0,1.0
68,73,4,166,3,106,0.639,0.75,4,153,0.922,1.0,4,161,0.97,1.0,4,164,0.988,1.0,4,166,1.0,1.0,4,166,1.0,1.0,4,166,1.0,1.0
69,74,2,168,2,108,0.643,1.0,2,155,0.923,1.0,2,163,0.97,1.0,2,166,0.988,1.0,2,168,1.0,1.0,2,168,1.0,1.0,2,168,1.0,1.0
70,75,7,175,5,113,0.646,0.714,6,161,0.92,0.857,6,169,0.966,0.857,7,173,0.989,1.0,7,175,1.0,1.0,7,175,1.0,1.0,7,175,1.0,1.0
71,76,2,177,2,115,0.65,1.0,2,163,0.921,1.0,2,171,0.966,1.0,2,175,0.989,1.0,2,177,1.0,1.0,2,177,1.0,1.0,2,177,1.0,1.0
72,77,6,183,4,119,0.65,0.667,6,169,0.923,1.0,6,177,0.967,1.0,6,181,0.989,1.0,6,183,1.0,1.0,6,183,1.0,1.0,6,183,1.0,1.0
73,78,5,188,3,122,0.649,0.6,5,174,0.926,1.0,5,182,0.968,1.0,5,186,0.989,1.0,5,188,1.0,1.0,5,188,1.0,1.0,5,188,1.0,1.0
74,80,3,191,1,123,0.644,0.333,3,177,0.927,1.0,3,185,0.969,1.0,3,189,0.99,1.0,3,191,1.0,1.0,3,191,1.0,1.0,3,191,1.0,1.0
75,81,3,194,2,125,0.644,0.667,2,179,0.923,0.667,3,188,0.969,1.0,3,192,0.99,1.0,3,194,1.0,1.0,3,194,1.0,1.0,3,194,1.0,1.0
76,82,4,198,4,129,0.652,1.0,4,183,0.924,1.0,4,192,0.97,1.0,4,196,0.99,1.0,4,198,1.0,1.0,4,198,1.0,1.0,4,198,1.0,1.0
77,83,2,200,1,130,0.65,0.5,2,185,0.925,1.0,2,194,0.97,1.0,2,198,0.99,1.0,2,200,1.0,1.0,2,200,1.0,1.0,2,200,1.0,1.0
78,84,3,203,2,132,0.65,0.667,2,187,0.921,0.667,2,196,0.966,0.667,3,201,0.99,1.0,3,203,1.0,1.0,3,203,1.0,1.0,3,203,1.0,1.0
79,85,3,206,2,134,0.65,0.667,3,190,0.922,1.0,3,199,0.966,1.0,3,204,0.99,1.0,3,206,1.0,1.0,3,206,1.0,1.0,3,206,1.0,1.0
80,86,4,210,2,136,0.648,0.5,2,192,0.914,0.5,2,201,0.957,0.5,3,207,0.986,0.75,4,210,1.0,1.0,4,210,1.0,1.0,4,210,1.0,1.0
81,88,2,212,2,138,0.651,1.0,2,194,0.915,1.0,2,203,0.958,1.0,2,209,0.986,1.0,2,212,1.0,1.0,2,212,1.0,1.0,2,212,1.0,1.0
82,89,3,215,2,140,0.651,0.667,3,197,0.916,1.0,3,206,0.958,1.0,3,212,0.986,1.0,3,215,1.0,1.0,3,215,1.0,1.0,3,215,1.0,1.0
83,90,6,221,3,143,0.647,0.5,5,202,0.914,0.833,6,212,0.959,1.0,6,218,0.986,1.0,6,221,1.0,1.0,6,221,1.0,1.0,6,221,1.0,1.0
84,91,1,222,1,144,0.649,1.0,1,203,0.914,1.0,1,213,0.959,1.0,1,219,0.986,1.0,1,222,1.0,1.0,1,222,1.0,1.0,1,222,1.0,1.0
85,92,5,227,4,148,0.652,0.8,4,207,0.912,0.8,4,217,0.956,0.8,5,224,0.987,1.0,5,227,1.0,1.0,5,227,1.0,1.0,5,227,1.0,1.0
86,94,4,231,2,150,0.649,0.5,3,210,0.909,0.75,3,220,0.952,0.75,4,228,0.987,1.0,4,231,1.0,1.0,4,231,1.0,1.0,4,231,1.0,1.0
87,95,2,233,1,151,0.648,0.5,2,212,0.91,1.0,2,222,0.953,1.0,2,230,0.987,1.0,2,233,1.0,1.0,2,233,1.0,1.0,2,233,1.0,1.0
88,97,2,235,2,153,0.651,1.0,2,214,0.911,1.0,2,224,0.953,1.0,2,232,0.987,1.0,2,235,1.0,1.0,2,235,1.0,1.0,2,235,1.0,1.0
89,98,6,241,6,159,0.66,1.0,6,220,0.913,1.0,6,230,0.954,1.0,6,238,0.988,1.0,6,241,1.0,1.0,6,241,1.0,1.0,6,241,1.0,1.0
90,99,3,244,3,162,0.664,1.0,3,223,0.914,1.0,3,233,0.955,1.0,3,241,0.988,1.0,3,244,1.0,1.0,3,244,1.0,1.0,3,244,1.0,1.0
91,100,5,249,3,165,0.663,0.6,5,228,0.916,1.0,5,238,0.956,1.0,5,246,0.988,1.0,5,249,1.0,1.0,5,249,1.0,1.0,5,249,1.0,1.0
92,101,4,253,3,168,0.664,0.75,3,231,0.913,0.75,4,242,0.957,1.0,4,250,0.988,1.0,4,253,1.0,1.0,4,253,1.0,1.0,4,253,1.0,1.0
93,102,1,254,1,169,0.665,1.0,1,232,0.913,1.0,1,243,0.957,1.0,1,251,0.988,1.0,1,254,1.0,1.0,1,254,1.0,1.0,1,254,1.0,1.0
94,103,3,257,1,170,0.661,0.333,3,235,0.914,1.0,3,246,0.957,1.0,3,254,0.988,1.0,3,257,1.0,1.0,3,257,1.0,1.0,3,257,1.0,1.0
95,104,3,260,2,172,0.662,0.667,3,238,0.915,1.0,3,249,0.958,1.0,3,257,0.988,1.0,3,260,1.0,1.0,3,260,1.0,1.0,3,260,1.0,1.0
96,105,8,268,4,176,0.657,0.5,7,245,0.914,0.875,7,256,0.955,0.875,8,265,0.989,1.0,8,268,1.0,1.0,8,268,1.0,1.0,8,268,1.0,1.0
97,107,3,271,3,179,0.661,1.0,3,248,0.915,1.0,3,259,0.956,1.0,3,268,0.989,1.0,3,271,1.0,1.0,3,271,1.0,1.0,3,271,1.0,1.0
98,108,2,273,2,181,0.663,1.0,2,250,0.916,1.0,2,261,0.956,1.0,2,270,0.989,1.0,2,273,1.0,1.0,2,273,1.0,1.0,2,273,1.0,1.0
99,109,2,275,2,183,0.665,1.0,2,252,0.916,1.0,2,263,0.956,1.0,2,272,0.989,1.0,2,275,1.0,1.0,2,275,1.0,1.0,2,275,1.0,1.0
100,110,9,284,4,187,0.658,0.444,7,259,0.912,0.778,8,271,0.954,0.889,9,281,0.989,1.0,9,284,1.0,1.0,9,284,1.0,1.0,9,284,1.0,1.0
101,111,5,289,3,190,0.657,0.6,3,262,0.907,0.6,3,274,0.948,0.6,5,286,0.99,1.0,5,289,1.0,1.0,5,289,1.0,1.0,5,289,1.0,1.0
102,112,4,293,4,194,0.662,1.0,4,266,0.908,1.0,4,278,0.949,1.0,4,290,0.99,1.0,4,293,1.0,1.0,4,293,1.0,1.0,4,293,1.0,1.0
103,113,3,296,2,196,0.662,0.667,3,269,0.909,1.0,3,281,0.949,1.0,3,293,0.99,1.0,3,296,1.0,1.0,3,296,1.0,1.0,3,296,1.0,1.0
104,114,3,299,2,198,0.662,0.667,3,272,0.91,1.0,3,284,0.95,1.0,3,296,0.99,1.0,3,299,1.0,1.0,3,299,1.0,1.0,3,299,1.0,1.0
105,115,4,303,4,202,0.667,1.0,4,276,0.911,1.0,4,288,0.95,1.0,4,300,0.99,1.0,4,303,1.0,1.0,4,303,1.0,1.0,4,303,1.0,1.0
106,116,3,306,1,203,0.663,0.333,2,278,0.908,0.667,2,290,0.948,0.667,3,303,0.99,1.0,3,306,1.0,1.0,3,306,1.0,1.0,3,306,1.0,1.0
107,117,1,307,0,203,0.661,0.0,0,278,0.906,0.0,0,290,0.945,0.0,1,304,0.99,1.0,1,307,1.0,1.0,1,307,1.0,1.0,1,307,1.0,1.0
108,118,3,310,0,203,0.655,0.0,3,281,0.906,1.0,3,293,0.945,1.0,3,307,0.99,1.0,3,310,1.0,1.0,3,310,1.0,1.0,3,310,1.0,1.0
109,119,4,314,2,205,0.653,0.5,4,285,0.908,1.0,4,297,0.946,1.0,4,311,0.99,1.0,4,314,1.0,1.0,4,314,1.0,1.0,4,314,1.0,1.0
110,120,2,316,1,206,0.652,0.5,1,286,0.905,0.5,2,299,0.946,1.0,2,313,0.991,1.0,2,316,1.0,1.0,2,316,1.0,1.0,2,316,1.0,1.0
111,121,3,319,1,207,0.649,0.333,3,289,0.906,1.0,3,302,0.947,1.0,3,316,0.991,1.0,3,319,1.0,1.0,3,319,1.0,1.0,3,319,1.0,1.0
112,122,6,325,3,210,0.646,0.5,6,295,0.908,1.0,6,308,0.948,1.0,6,322,0.991,1.0,6,325,1.0,1.0,6,325,1.0,1.0,6,325,1.0,1.0
113,123,2,327,1,211,0.645,0.5,2,297,0.908,1.0,2,310,0.948,1.0,2,324,0.991,1.0,2,327,1.0,1.0,2,327,1.0,1.0,2,327,1.0,1.0
114,124,1,328,1,212,0.646,1.0,1,298,0.909,1.0,1,311,0.948,1.0,1,325,0.991,1.0,1,328,1.0,1.0,1,328,1.0,1.0,1,328,1.0,1.0
115,125,3,331,2,214,0.647,0.667,3,301,0.909,1.0,3,314,0.949,1.0,3,328,0.991,1.0,3,331,1.0,1.0,3,331,1.0,1.0,3,331,1.0,1.0
116,126,4,335,3,217,0.648,0.75,4,305,0.91,1.0,4,318,0.949,1.0,4,332,0.991,1.0,4,335,1.0,1.0,4,335,1.0,1.0,4,335,1.0,1.0
117,127,2,337,1,218,0.647,0.5,2,307,0.911,1.0,2,320,0.95,1.0,2,334,0.991,1.0,2,337,1.0,1.0,2,337,1.0,1.0,2,337,1.0,1.0
118,128,3,340,1,219,0.644,0.333,1,308,0.906,0.333,2,322,0.947,0.667,3,337,0.991,1.0,3,340,1.0,1.0,3,340,1.0,1.0,3,340,1.0,1.0
119,129,1,341,1,220,0.645,1.0,1,309,0.906,1.0,1,323,0.947,1.0,1,338,0.991,1.0,1,341,1.0,1.0,1,341,1.0,1.0,1,341,1.0,1.0
120,130,3,344,2,222,0.645,0.667,3,312,0.907,1.0,3,326,0.948,1.0,3,341,0.991,1.0,3,344,1.0,1.0,3,344,1.0,1.0,3,344,1.0,1.0
121,131,2,346,0,222,0.642,0.0,1,313,0.905,0.5,1,327,0.945,0.5,2,343,0.991,1.0,2,346,1.0,1.0,2,346,1.0,1.0,2,346,1.0,1.0
122,132,6,352,4,226,0.642,0.667,5,318,0.903,0.833,5,332,0.943,0.833,5,348,0.989,0.833,6,352,1.0,1.0,6,352,1.0,1.0,6,352,1.0,1.0
123,133,1,353,0,226,0.64,0.0,1,319,0.904,1.0,1,333,0.943,1.0,1,349,0.989,1.0,1,353,1.0,1.0,1,353,1.0,1.0,1,353,1.0,1.0
124,134,3,356,2,228,0.64,0.667,3,322,0.904,1.0,3,336,0.944,1.0,3,352,0.989,1.0,3,356,1.0,1.0,3,356,1.0,1.0,3,356,1.0,1.0
125,135,2,358,1,229,0.64,0.5,1,323,0.902,0.5,1,337,0.941,0.5,2,354,0.989,1.0,2,358,1.0,1.0,2,358,1.0,1.0,2,358,1.0,1.0
126,136,1,359,1,230,0.641,1.0,1,324,0.903,1.0,1,338,0.942,1.0,1,355,0.989,1.0,1,359,1.0,1.0,1,359,1.0,1.0,1,359,1.0,1.0
127,137,3,362,2,232,0.641,0.667,2,326,0.901,0.667,2,340,0.939,0.667,3,358,0.989,1.0,3,362,1.0,1.0,3,362,1.0,1.0,3,362,1.0,1.0
128,138,1,363,0,232,0.639,0.0,1,327,0.901,1.0,1,341,0.939,1.0,1,359,0.989,1.0,1,363,1.0,1.0,1,363,1.0,1.0,1,363,1.0,1.0
129,139,2,365,1,233,0.638,0.5,1,328,0.899,0.5,2,343,0.94,1.0,2,361,0.989,1.0,2,365,1.0,1.0,2,365,1.0,1.0,2,365,1.0,1.0
130,140,5,370,2,235,0.635,0.4,4,332,0.897,0.8,5,348,0.941,1.0,5,366,0.989,1.0,5,370,1.0,1.0,5,370,1.0,1.0,5,370,1.0,1.0
131,141,5,375,3,238,0.635,0.6,5,337,0.899,1.0,5,353,0.941,1.0,5,371,0.989,1.0,5,375,1.0,1.0,5,375,1.0,1.0,5,375,1.0,1.0
132,142,2,377,1,239,0.634,0.5,2,339,0.899,1.0,2,355,0.942,1.0,2,373,0.989,1.0,2,377,1.0,1.0,2,377,1.0,1.0,2,377,1.0,1.0
133,143,1,378,0,239,0.632,0.0,1,340,0.899,1.0,1,356,0.942,1.0,1,374,0.989,1.0,1,378,1.0,1.0,1,378,1.0,1.0,1,378,1.0,1.0
134,144,6,384,4,243,0.633,0.667,4,344,0.896,0.667,4,360,0.938,0.667,6,380,0.99,1.0,6,384,1.0,1.0,6,384,1.0,1.0,6,384,1.0,1.0
135,145,1,385,1,244,0.634,1.0,1,345,0.896,1.0,1,361,0.938,1.0,1,381,0.99,1.0,1,385,1.0,1.0,1,385,1.0,1.0,1,385,1.0,1.0
136,146,1,386,0,244,0.632,0.0,0,345,0.894,0.0,1,362,0.938,1.0,1,382,0.99,1.0,1,386,1.0,1.0,1,386,1.0,1.0,1,386,1.0,1.0
137,147,1,387,0,244,0.63,0.0,1,346,0.894,1.0,1,363,0.938,1.0,1,383,0.99,1.0,1,387,1.0,1.0,1,387,1.0,1.0,1,387,1.0,1.0
138,148,1,388,1,245,0.631,1.0,1,347,0.894,1.0,1,364,0.938,1.0,1,384,0.99,1.0,1,388,1.0,1.0,1,388,1.0,1.0,1,388,1.0,1.0
139,149,5,393,2,247,0.628,0.4,4,351,0.893,0.8,4,368,0.936,0.8,5,389,0.99,1.0,5,393,1.0,1.0,5,393,1.0,1.0,5,393,1.0,1.0
140,150,1,394,1,248,0.629,1.0,1,352,0.893,1.0,1,369,0.937,1.0,1,390,0.99,1.0,1,394,1.0,1.0,1,394,1.0,1.0,1,394,1.0,1.0
141,151,3,397,1,249,0.627,0.333,1,353,0.889,0.333,2,371,0.935,0.667,2,392,0.987,0.667,3,397,1.0,1.0,3,397,1.0,1.0,3,397,1.0,1.0
142,152,1,398,1,250,0.628,1.0,1,354,0.889,1.0,1,372,0.935,1.0,1,393,0.987,1.0,1,398,1.0,1.0,1,398,1.0,1.0,1,398,1.0,1.0
143,153,3,401,0,250,0.623,0.0,2,356,0.888,0.667,3,375,0.935,1.0,3,396,0.988,1.0,3,401,1.0,1.0,3,401,1.0,1.0,3,401,1.0,1.0
144,154,5,406,5,255,0.628,1.0,5,361,0.889,1.0,5,380,0.936,1.0,5,401,0.988,1.0,5,406,1.0,1.0,5,406,1.0,1.0,5,406,1.0,1.0
145,155,5,411,3,258,0.628,0.6,5,366,0.891,1.0,5,385,0.937,1.0,5,406,0.988,1.0,5,411,1.0,1.0,5,411,1.0,1.0,5,411,1.0,1.0
146,156,3,414,2,260,0.628,0.667,3,369,0.891,1.0,3,388,0.937,1.0,3,409,0.988,1.0,3,414,1.0,1.0,3,414,1.0,1.0,3,414,1.0,1.0
147,157,1,415,0,260,0.627,0.0,0,369,0.889,0.0,1,389,0.937,1.0,1,410,0.988,1.0,1,415,1.0,1.0,1,415,1.0,1.0,1,415,1.0,1.0
148,158,5,420,3,263,0.626,0.6,3,372,0.886,0.6,3,392,0.933,0.6,5,415,0.988,1.0,5,420,1.0,1.0,5,420,1.0,1.0,5,420,1.0,1.0
149,159,6,426,5,268,0.629,0.833,6,378,0.887,1.0,6,398,0.934,1.0,6,421,0.988,1.0,6,426,1.0,1.0,6,426,1.0,1.0,6,426,1.0,1.0
150,160,2,428,1,269,0.629,0.5,1,379,0.886,0.5,1,399,0.932,0.5,2,423,0.988,1.0,2,428,1.0,1.0,2,428,1.0,1.0,2,428,1.0,1.0
151,161,3,431,0,269,0.624,0.0,2,381,0.884,0.667,2,401,0.93,0.667,3,426,0.988,1.0,3,431,1.0,1.0,3,431,1.0,1.0,3,431,1.0,1.0
152,162,5,436,3,272,0.624,0.6,4,385,0.883,0.8,4,405,0.929,0.8,5,431,0.989,1.0,5,436,1.0,1.0,5,436,1.0,1.0,5,436,1.0,1.0
153,163,3,439,1,273,0.622,0.333,1,386,0.879,0.333,1,406,0.925,0.333,3,434,0.989,1.0,3,439,1.0,1.0,3,439,1.0,1.0,3,439,1.0,1.0
154,164,1,440,1,274,0.623,1.0,1,387,0.88,1.0,1,407,0.925,1.0,1,435,0.989,1.0,1,440,1.0,1.0,1,440,1.0,1.0,1,440,1.0,1.0
155,165,5,445,2,276,0.62,0.4,4,391,0.879,0.8,4,411,0.924,0.8,5,440,0.989,1.0,5,445,1.0,1.0,5,445,1.0,1.0,5,445,1.0,1.0
156,166,3,448,1,277,0.618,0.333,2,393,0.877,0.667,2,413,0.922,0.667,3,443,0.989,1.0,3,448,1.0,1.0,3,448,1.0,1.0,3,448,1.0,1.0
157,167,2,450,0,277,0.616,0.0,1,394,0.876,0.5,1,414,0.92,0.5,2,445,0.989,1.0,2,450,1.0,1.0,2,450,1.0,1.0,2,450,1.0,1.0
158,169,2,452,0,277,0.613,0.0,2,396,0.876,1.0,2,416,0.92,1.0,2,447,0.989,1.0,2,452,1.0,1.0,2,452,1.0,1.0,2,452,1.0,1.0
159,170,2,454,2,279,0.615,1.0,2,398,0.877,1.0,2,418,0.921,1.0,2,449,0.989,1.0,2,454,1.0,1.0,2,454,1.0,1.0,2,454,1.0,1.0
160,171,3,457,1,280,0.613,0.333,3,401,0.877,1.0,3,421,0.921,1.0,3,452,0.989,1.0,3,457,1.0,1.0,3,457,1.0,1.0,3,457,1.0,1.0
161,172,2,459,2,282,0.614,1.0,2,403,0.878,1.0,2,423,0.922,1.0,2,454,0.989,1.0,2,459,1.0,1.0,2,459,1.0,1.0,2,459,1.0,1.0
162,173,4,463,3,285,0.616,0.75,4,407,0.879,1.0,4,427,0.922,1.0,4,458,0.989,1.0,4,463,1.0,1.0,4,463,1.0,1.0,4,463,1.0,1.0
163,174,4,467,2,287,0.615,0.5,3,410,0.878,0.75,3,430,0.921,0.75,4,462,0.989,1.0,4,467,1.0,1.0,4,467,1.0,1.0,4,467,1.0,1.0
164,175,2,469,1,288,0.614,0.5,2,412,0.878,1.0,2,432,0.921,1.0,2,464,0.989,1.0,2,469,1.0,1.0,2,469,1.0,1.0,2,469,1.0,1.0
165,176,2,471,1,289,0.614,0.5,2,414,0.879,1.0,2,434,0.921,1.0,2,466,0.989,1.0,2,471,1.0,1.0,2,471,1.0,1.0,2,471,1.0,1.0
166,177,1,472,0,289,0.612,0.0,1,415,0.879,1.0,1,435,0.922,1.0,1,467,0.989,1.0,1,472,1.0,1.0,1,472,1.0,1.0,1,472,1.0,1.0
167,179,4,476,2,291,0.611,0.5,4,419,0.88,1.0,4,439,0.922,1.0,4,471,0.989,1.0,4,476,1.0,1.0,4,476,1.0,1.0,4,476,1.0,1.0
168,180,2,478,1,292,0.611,0.5,1,420,0.879,0.5,1,440,0.921,0.5,2,473,0.99,1.0,2,478,1.0,1.0,2,478,1.0,1.0,2,478,1.0,1.0
169,181,3,481,1,293,0.609,0.333,3,423,0.879,1.0,3,443,0.921,1.0,3,476,0.99,1.0,3,481,1.0,1.0,3,481,1.0,1.0,3,481,1.0,1.0
170,182,6,487,3,296,0.608,0.5,5,428,0.879,0.833,5,448,0.92,0.833,6,482,0.99,1.0,6,487,1.0,1.0,6,487,1.0,1.0,6,487,1.0,1.0
171,183,7,494,2,298,0.603,0.286,5,433,0.877,0.714,6,454,0.919,0.857,7,489,0.99,1.0,7,494,1.0,1.0,7,494,1.0,1.0,7,494,1.0,1.0
172,184,4,498,4,302,0.606,1.0,4,437,0.878,1.0,4,458,0.92,1.0,4,493,0.99,1.0,4,498,1.0,1.0,4,498,1.0,1.0,4,498,1.0,1.0
173,185,1,499,0,302,0.605,0.0,1,438,0.878,1.0,1,459,0.92,1.0,1,494,0.99,1.0,1,499,1.0,1.0,1,499,1.0,1.0,1,499,1.0,1.0
174,186,2,501,1,303,0.605,0.5,2,440,0.878,1.0,2,461,0.92,1.0,2,496,0.99,1.0,2,501,1.0,1.0,2,501,1.0,1.0,2,501,1.0,1.0
175,187,1,502,1,304,0.606,1.0,1,441,0.878,1.0,1,462,0.92,1.0,1,497,0.99,1.0,1,502,1.0,1.0,1,502,1.0,1.0,1,502,1.0,1.0
176,188,3,505,2,306,0.606,0.667,2,443,0.877,0.667,2,464,0.919,0.667,3,500,0.99,1.0,3,505,1.0,1.0,3,505,1.0,1.0,3,505,1.0,1.0
177,189,3,508,0,306,0.602,0.0,3,446,0.878,1.0,3,467,0.919,1.0,3,503,0.99,1.0,3,508,1.0,1.0,3,508,1.0,1.0,3,508,1.0,1.0
178,190,1,509,0,306,0.601,0.0,1,447,0.878,1.0,1,468,0.919,1.0,1,504,0.99,1.0,1,509,1.0,1.0,1,509,1.0,1.0,1,509,1.0,1.0
179,191,2,511,0,306,0.599,0.0,1,448,0.877,0.5,1,469,0.918,0.5,1,505,0.988,0.5,2,511,1.0,1.0,2,511,1.0,1.0,2,511,1.0,1.0
180,192,1,512,0,306,0.598,0.0,1,449,0.877,1.0,1,470,0.918,1.0,1,506,0.988,1.0,1,512,1.0,1.0,1,512,1.0,1.0,1,512,1.0,1.0
181,193,2,514,0,306,0.595,0.0,1,450,0.875,0.5,2,472,0.918,1.0,2,508,0.988,1.0,2,514,1.0,1.0,2,514,1.0,1.0,2,514,1.0,1.0
182,194,3,517,3,309,0.598,1.0,3,453,0.876,1.0,3,475,0.919,1.0,3,511,0.988,1.0,3,517,1.0,1.0,3,517,1.0,1.0,3,517,1.0,1.0
183,195,2,519,1,310,0.597,0.5,2,455,0.877,1.0,2,477,0.919,1.0,2,513,0.988,1.0,2,519,1.0,1.0,2,519,1.0,1.0,2,519,1.0,1.0
184,196,2,521,1,311,0.597,0.5,1,456,0.875,0.5,2,479,0.919,1.0,2,515,0.988,1.0,2,521,1.0,1.0,2,521,1.0,1.0,2,521,1.0,1.0
185,197,3,524,1,312,0.595,0.333,1,457,0.872,0.333,1,480,0.916,0.333,2,517,0.987,0.667,3,524,1.0,1.0,3,524,1.0,1.0,3,524,1.0,1.0
186,198,5,529,3,315,0.595,0.6,5,462,0.873,1.0,5,485,0.917,1.0,5,522,0.987,1.0,5,529,1.0,1.0,5,529,1.0,1.0,5,529,1.0,1.0
187,199,3,532,1,316,0.594,0.333,2,464,0.872,0.667,3,488,0.917,1.0,3,525,0.987,1.0,3,532,1.0,1.0,3,532,1.0,1.0,3,532,1.0,1.0
188,200,5,537,1,317,0.59,0.2,4,468,0.872,0.8,4,492,0.916,0.8,5,530,0.987,1.0,5,537,1.0,1.0,5,537,1.0,1.0,5,537,1.0,1.0
189,201,3,540,1,318,0.589,0.333,3,471,0.872,1.0,3,495,0.917,1.0,3,533,0.987,1.0,3,540,1.0,1.0,3,540,1.0,1.0,3,540,1.0,1.0
190,203,2,542,1,319,0.589,0.5,2,473,0.873,1.0,2,497,0.917,1.0,2,535,0.987,1.0,2,542,1.0,1.0,2,542,1.0,1.0,2,542,1.0,1.0
191,204,5,547,5,324,0.592,1.0,5,478,0.874,1.0,5,502,0.918,1.0,5,540,0.987,1.0,5,547,1.0,1.0,5,547,1.0,1.0,5,547,1.0,1.0
192,205,3,550,2,326,0.593,0.667,3,481,0.875,1.0,3,505,0.918,1.0,3,543,0.987,1.0,3,550,1.0,1.0,3,550,1.0,1.0,3,550,1.0,1.0
193,206,3,553,3,329,0.595,1.0,3,484,0.875,1.0,3,508,0.919,1.0,3,546,0.987,1.0,3,553,1.0,1.0,3,553,1.0,1.0,3,553,1.0,1.0
194,207,2,555,1,330,0.595,0.5,2,486,0.876,1.0,2,510,0.919,1.0,2,548,0.987,1.0,2,555,1.0,1.0,2,555,1.0,1.0,2,555,1.0,1.0
195,208,4,559,3,333,0.596,0.75,4,490,0.877,1.0,4,514,0.919,1.0,4,552,0.987,1.0,4,559,1.0,1.0,4,559,1.0,1.0,4,559,1.0,1.0
196,209,5,564,3,336,0.596,0.6,4,494,0.876,0.8,4,518,0.918,0.8,5,557,0.988,1.0,5,564,1.0,1.0,5,564,1.0,1.0,5,564,1.0,1.0
197,210,3,567,1,337,0.594,0.333,3,497,0.877,1.0,3,521,0.919,1.0,3,560,0.988,1.0,3,567,1.0,1.0,3,567,1.0,1.0,3,567,1.0,1.0
198,212,3,570,2,339,0.595,0.667,2,499,0.875,0.667,3,524,0.919,1.0,3,563,0.988,1.0,3,570,1.0,1.0,3,570,1.0,1.0,3,570,1.0,1.0
199,213,3,573,2,341,0.595,0.667,3,502,0.876,1.0,3,527,0.92,1.0,3,566,0.988,1.0,3,573,1.0,1.0,3,573,1.0,1.0,3,573,1.0,1.0
200,214,4,577,2,343,0.594,0.5,4,506,0.877,1.0,4,531,0.92,1.0,4,570,0.988,1.0,4,577,1.0,1.0,4,577,1.0,1.0,4,577,1.0,1.0
201,215,4,581,2,345,0.594,0.5,2,508,0.874,0.5,4,535,0.921,1.0,4,574,0.988,1.0,4,581,1.0,1.0,4,581,1.0,1.0,4,581,1.0,1.0
202,216,2,583,2,347,0.595,1.0,2,510,0.875,1.0,2,537,0.921,1.0,2,576,0.988,1.0,2,583,1.0,1.0,2,583,1.0,1.0,2,583,1.0,1.0
203,217,2,585,2,349,0.597,1.0,2,512,0.875,1.0,2,539,0.921,1.0,2,578,0.988,1.0,2,585,1.0,1.0,2,585,1.0,1.0,2,585,1.0,1.0
204,218,5,590,1,350,0.593,0.2,4,516,0.875,0.8,4,543,0.92,0.8,5,583,0.988,1.0,5,590,1.0,1.0,5,590,1.0,1.0,5,590,1.0,1.0
205,219,2,592,2,352,0.595,1.0,2,518,0.875,1.0,2,545,0.921,1.0,2,585,0.988,1.0,2,592,1.0,1.0,2,592,1.0,1.0,2,592,1.0,1.0
206,220,3,595,2,354,0.595,0.667,2,520,0.874,0.667,3,548,0.921,1.0,3,588,0.988,1.0,3,595,1.0,1.0,3,595,1.0,1.0,3,595,1.0,1.0
207,221,6,601,2,356,0.592,0.333,4,524,0.872,0.667,6,554,0.922,1.0,6,594,0.988,1.0,6,601,1.0,1.0,6,601,1.0,1.0,6,601,1.0,1.0
208,222,3,604,1,357,0.591,0.333,2,526,0.871,0.667,3,557,0.922,1.0,3,597,0.988,1.0,3,604,1.0,1.0,3,604,1.0,1.0,3,604,1.0,1.0
209,223,2,606,1,358,0.591,0.5,2,528,0.871,1.0,2,559,0.922,1.0,2,599,0.988,1.0,2,606,1.0,1.0,2,606,1.0,1.0,2,606,1.0,1.0
210,225,3,609,2,360,0.591,0.667,2,530,0.87,0.667,3,562,0.923,1.0,3,602,0.989,1.0,3,609,1.0,1.0,3,609,1.0,1.0,3,609,1.0,1.0
211,226,2,611,1,361,0.591,0.5,2,532,0.871,1.0,2,564,0.923,1.0,2,604,0.989,1.0,2,611,1.0,1.0,2,611,1.0,1.0,2,611,1.0,1.0
212,227,3,614,1,362,0.59,0.333,2,534,0.87,0.667,3,567,0.923,1.0,3,607,0.989,1.0,3,614,1.0,1.0,3,614,1.0,1.0,3,614,1.0,1.0
213,228,2,616,0,362,0.588,0.0,2,536,0.87,1.0,2,569,0.924,1.0,2,609,0.989,1.0,2,616,1.0,1.0,2,616,1.0,1.0,2,616,1.0,1.0
214,229,6,622,1,363,0.584,0.167,5,541,0.87,0.833,6,575,0.924,1.0,6,615,0.989,1.0,6,622,1.0,1.0,6,622,1.0,1.0,6,622,1.0,1.0
215,231,1,623,1,364,0.584,1.0,1,542,0.87,1.0,1,576,0.925,1.0,1,616,0.989,1.0,1,623,1.0,1.0,1,623,1.0,1.0,1,623,1.0,1.0
216,232,3,626,1,365,0.583,0.333,3,545,0.871,1.0,3,579,0.925,1.0,3,619,0.989,1.0,3,626,1.0,1.0,3,626,1.0,1.0,3,626,1.0,1.0
217,233,3,629,2,367,0.583,0.667,2,547,0.87,0.667,3,582,0.925,1.0,3,622,0.989,1.0,3,629,1.0,1.0,3,629,1.0,1.0,3,629,1.0,1.0
218,234,7,636,5,372,0.585,0.714,6,553,0.869,0.857,6,588,0.925,0.857,7,629,0.989,1.0,7,636,1.0,1.0,7,636,1.0,1.0,7,636,1.0,1.0
219,235,3,639,0,372,0.582,0.0,2,555,0.869,0.667,2,590,0.923,0.667,3,632,0.989,1.0,3,639,1.0,1.0,3,639,1.0,1.0,3,639,1.0,1.0
220,236,3,642,0,372,0.579,0.0,1,556,0.866,0.333,3,593,0.924,1.0,3,635,0.989,1.0,3,642,1.0,1.0,3,642,1.0,1.0,3,642,1.0,1.0
221,237,1,643,1,373,0.58,1.0,1,557,0.866,1.0,1,594,0.924,1.0,1,636,0.989,1.0,1,643,1.0,1.0,1,643,1.0,1.0,1,643,1.0,1.0
222,238,4,647,2,375,0.58,0.5,3,560,0.866,0.75,4,598,0.924,1.0,4,640,0.989,1.0,4,647,1.0,1.0,4,647,1.0,1.0,4,647,1.0,1.0
223,240,1,648,0,375,0.579,0.0,1,561,0.866,1.0,1,599,0.924,1.0,1,641,0.989,1.0,1,648,1.0,1.0,1,648,1.0,1.0,1,648,1.0,1.0
224,241,5,653,2,377,0.577,0.4,4,565,0.865,0.8,4,603,0.923,0.8,5,646,0.989,1.0,5,653,1.0,1.0,5,653,1.0,1.0,5,653,1.0,1.0
225,243,5,658,3,380,0.578,0.6,5,570,0.866,1.0,5,608,0.924,1.0,5,651,0.989,1.0,5,658,1.0,1.0,5,658,1.0,1.0,5,658,1.0,1.0
226,244,5,663,1,381,0.575,0.2,3,573,0.864,0.6,4,612,0.923,0.8,5,656,0.989,1.0,5,663,1.0,1.0,5,663,1.0,1.0,5,663,1.0,1.0
227,245,5,668,3,384,0.575,0.6,4,577,0.864,0.8,4,616,0.922,0.8,5,661,0.99,1.0,5,668,1.0,1.0,5,668,1.0,1.0,5,668,1.0,1.0
228,246,5,673,3,387,0.575,0.6,4,581,0.863,0.8,5,621,0.923,1.0,5,666,0.99,1.0,5,673,1.0,1.0,5,673,1.0,1.0,5,673,1.0,1.0
229,247,1,674,0,387,0.574,0.0,0,581,0.862,0.0,0,621,0.921,0.0,0,666,0.988,0.0,1,674,1.0,1.0,1,674,1.0,1.0,1,674,1.0,1.0
230,248,4,678,0,387,0.571,0.0,1,582,0.858,0.25,2,623,0.919,0.5,4,670,0.988,1.0,4,678,1.0,1.0,4,678,1.0,1.0,4,678,1.0,1.0
231,249,3,681,2,389,0.571,0.667,3,585,0.859,1.0,3,626,0.919,1.0,3,673,0.988,1.0,3,681,1.0,1.0,3,681,1.0,1.0,3,681,1.0,1.0
232,250,3,684,2,391,0.572,0.667,2,587,0.858,0.667,2,628,0.918,0.667,3,676,0.988,1.0,3,684,1.0,1.0,3,684,1.0,1.0,3,684,1.0,1.0
233,251,1,685,0,391,0.571,0.0,0,587,0.857,0.0,0,628,0.917,0.0,1,677,0.988,1.0,1,685,1.0,1.0,1,685,1.0,1.0,1,685,1.0,1.0
234,252,4,689,3,394,0.572,0.75,3,590,0.856,0.75,3,631,0.916,0.75,4,681,0.988,1.0,4,689,1.0,1.0,4,689,1.0,1.0,4,689,1.0,1.0
235,253,3,692,0,394,0.569,0.0,2,592,0.855,0.667,2,633,0.915,0.667,3,684,0.988,1.0,3,692,1.0,1.0,3,692,1.0,1.0,3,692,1.0,1.0
236,254,6,698,2,396,0.567,0.333,4,596,0.854,0.667,6,639,0.915,1.0,6,690,0.989,1.0,6,698,1.0,1.0,6,698,1.0,1.0,6,698,1.0,1.0
237,255,2,700,0,396,0.566,0.0,1,597,0.853,0.5,1,640,0.914,0.5,2,692,0.989,1.0,2,700,1.0,1.0,2,700,1.0,1.0,2,700,1.0,1.0
238,256,2,702,1,397,0.566,0.5,2,599,0.853,1.0,2,642,0.915,1.0,2,694,0.989,1.0,2,702,1.0,1.0,2,702,1.0,1.0,2,702,1.0,1.0
239,257,3,705,3,400,0.567,1.0,3,602,0.854,1.0,3,645,0.915,1.0,3,697,0.989,1.0,3,705,1.0,1.0,3,705,1.0,1.0,3,705,1.0,1.0
240,259,3,708,2,402,0.568,0.667,2,604,0.853,0.667,2,647,0.914,0.667,2,699,0.987,0.667,3,708,1.0,1.0,3,708,1.0,1.0,3,708,1.0,1.0
241,260,3,711,1,403,0.567,0.333,2,606,0.852,0.667,3,650,0.914,1.0,3,702,0.987,1.0,3,711,1.0,1.0,3,711,1.0,1.0,3,711,1.0,1.0
242,261,1,712,0,403,0.566,0.0,1,607,0.853,1.0,1,651,0.914,1.0,1,703,0.987,1.0,1,712,1.0,1.0,1,712,1.0,1.0,1,712,1.0,1.0
243,262,2,714,1,404,0.566,0.5,1,608,0.852,0.5,2,653,0.915,1.0,2,705,0.987,1.0,2,714,1.0,1.0,2,714,1.0,1.0,2,714,1.0,1.0
244,263,4,718,2,406,0.565,0.5,3,611,0.851,0.75,4,657,0.915,1.0,4,709,0.987,1.0,4,718,1.0,1.0,4,718,1.0,1.0,4,718,1.0,1.0
245,264,5,723,4,410,0.567,0.8,5,616,0.852,1.0,5,662,0.916,1.0,5,714,0.988,1.0,5,723,1.0,1.0,5,723,1.0,1.0,5,723,1.0,1.0
246,265,3,726,1,411,0.566,0.333,2,618,0.851,0.667,2,664,0.915,0.667,3,717,0.988,1.0,3,726,1.0,1.0,3,726,1.0,1.0,3,726,1.0,1.0
247,266,3,729,2,413,0.567,0.667,2,620,0.85,0.667,2,666,0.914,0.667,3,720,0.988,1.0,3,729,1.0,1.0,3,729,1.0,1.0,3,729,1.0,1.0
248,267,3,732,3,416,0.568,1.0,3,623,0.851,1.0,3,669,0.914,1.0,3,723,0.988,1.0,3,732,1.0,1.0,3,732,1.0,1.0,3,732,1.0,1.0
249,268,3,735,1,417,0.567,0.333,2,625,0.85,0.667,3,672,0.914,1.0,3,726,0.988,1.0,3,735,1.0,1.0,3,735,1.0,1.0,3,735,1.0,1.0
250,269,3,738,2,419,0.568,0.667,3,628,0.851,1.0,3,675,0.915,1.0,3,729,0.988,1.0,3,738,1.0,1.0,3,738,1.0,1.0,3,738,1.0,1.0
251,270,4,742,0,419,0.565,0.0,4,632,0.852,1.0,4,679,0.915,1.0,4,733,0.988,1.0,4,742,1.0,1.0,4,742,1.0,1.0,4,742,1.0,1.0
252,271,1,743,0,419,0.564,0.0,1,633,0.852,1.0,1,680,0.915,1.0,1,734,0.988,1.0,1,743,1.0,1.0,1,743,1.0,1.0,1,743,1.0,1.0
253,272,2,745,0,419,0.562,0.0,0,633,0.85,0.0,1,681,0.914,0.5,2,736,0.988,1.0,2,745,1.0,1.0,2,745,1.0,1.0,2,745,1.0,1.0
254,273,3,748,1,420,0.561,0.333,2,635,0.849,0.667,3,684,0.914,1.0,3,739,0.988,1.0,3,748,1.0,1.0,3,748,1.0,1.0,3,748,1.0,1.0
255,274,3,751,1,421,0.561,0.333,2,637,0.848,0.667,2,686,0.913,0.667,3,742,0.988,1.0,3,751,1.0,1.0,3,751,1.0,1.0,3,751,1.0,1.0
256,276,3,754,1,422,0.56,0.333,2,639,0.847,0.667,3,689,0.914,1.0,3,745,0.988,1.0,3,754,1.0,1.0,3,754,1.0,1.0,3,754,1.0,1.0
257,277,3,757,3,425,0.561,1.0,3,642,0.848,1.0,3,692,0.914,1.0,3,748,0.988,1.0,3,757,1.0,1.0,3,757,1.0,1.0,3,757,1.0,1.0
258,278,2,759,2,427,0.563,1.0,2,644,0.848,1.0,2,694,0.914,1.0,2,750,0.988,1.0,2,759,1.0,1.0,2,759,1.0,1.0,2,759,1.0,1.0
259,279,2,761,0,427,0.561,0.0,2,646,0.849,1.0,2,696,0.915,1.0,2,752,0.988,1.0,2,761,1.0,1.0,2,761,1.0,1.0,2,761,1.0,1.0
260,280,2,763,1,428,0.561,0.5,1,647,0.848,0.5,2,698,0.915,1.0,2,754,0.988,1.0,2,763,1.0,1.0,2,763,1.0,1.0,2,763,1.0,1.0
261,281,1,764,1,429,0.562,1.0,1,648,0.848,1.0,1,699,0.915,1.0,1,755,0.988,1.0,1,764,1.0,1.0,1,764,1.0,1.0,1,764,1.0,1.0
262,283,3,767,3,432,0.563,1.0,3,651,0.849,1.0,3,702,0.915,1.0,3,758,0.988,1.0,3,767,1.0,1.0,3,767,1.0,1.0,3,767,1.0,1.0
263,284,1,768,1,433,0.564,1.0,1,652,0.849,1.0,1,703,0.915,1.0,1,759,0.988,1.0,1,768,1.0,1.0,1,768,1.0,1.0,1,768,1.0,1.0
264,285,3,771,2,435,0.564,0.667,3,655,0.85,1.0,3,706,0.916,1.0,3,762,0.988,1.0,3,771,1.0,1.0,3,771,1.0,1.0,3,771,1.0,1.0
265,286,4,775,1,436,0.563,0.25,3,658,0.849,0.75,3,709,0.915,0.75,4,766,0.988,1.0,4,775,1.0,1.0,4,775,1.0,1.0,4,775,1.0,1.0
266,287,2,777,1,437,0.562,0.5,2,660,0.849,1.0,2,711,0.915,1.0,2,768,0.988,1.0,2,777,1.0,1.0,2,777,1.0,1.0,2,777,1.0,1.0
267,288,1,778,0,437,0.562,0.0,0,660,0.848,0.0,1,712,0.915,1.0,1,769,0.988,1.0,1,778,1.0,1.0,1,778,1.0,1.0,1,778,1.0,1.0
268,289,2,780,1,438,0.562,0.5,2,662,0.849,1.0,2,714,0.915,1.0,2,771,0.988,1.0,2,780,1.0,1.0,2,780,1.0,1.0,2,780,1.0,1.0
269,290,2,782,1,439,0.561,0.5,1,663,0.848,0.5,1,715,0.914,0.5,2,773,0.988,1.0,2,782,1.0,1.0,2,782,1.0,1.0,2,782,1.0,1.0
270,291,2,784,1,440,0.561,0.5,1,664,0.847,0.5,2,717,0.915,1.0,2,775,0.989,1.0,2,784,1.0,1.0,2,784,1.0,1.0,2,784,1.0,1.0
271,292,1,785,1,441,0.562,1.0,1,665,0.847,1.0,1,718,0.915,1.0,1,776,0.989,1.0,1,785,1.0,1.0,1,785,1.0,1.0,1,785,1.0,1.0
272,293,1,786,0,441,0.561,0.0,1,666,0.847,1.0,1,719,0.915,1.0,1,777,0.989,1.0,1,786,1.0,1.0,1,786,1.0,1.0,1,786,1.0,1.0
273,294,4,790,3,444,0.562,0.75,3,669,0.847,0.75,4,723,0.915,1.0,4,781,0.989,1.0,4,790,1.0,1.0,4,790,1.0,1.0,4,790,1.0,1.0
274,295,4,794,3,447,0.563,0.75,4,673,0.848,1.0,4,727,0.916,1.0,4,785,0.989,1.0,4,794,1.0,1.0,4,794,1.0,1.0,4,794,1.0,1.0
275,296,2,796,0,447,0.562,0.0,2,675,0.848,1.0,2,729,0.916,1.0,2,787,0.989,1.0,2,796,1.0,1.0,2,796,1.0,1.0,2,796,1.0,1.0
276,297,4,800,3,450,0.562,0.75,4,679,0.849,1.0,4,733,0.916,1.0,4,791,0.989,1.0,4,800,1.0,1.0,4,800,1.0,1.0,4,800,1.0,1.0
277,298,4,804,0,450,0.56,0.0,2,681,0.847,0.5,2,735,0.914,0.5,3,794,0.988,0.75,4,804,1.0,1.0,4,804,1.0,1.0,4,804,1.0,1.0
278,299,9,813,4,454,0.558,0.444,7,688,0.846,0.778,8,743,0.914,0.889,9,803,0.988,1.0,9,813,1.0,1.0,9,813,1.0,1.0,9,813,1.0,1.0
279,300,2,815,0,454,0.557,0.0,0,688,0.844,0.0,1,744,0.913,0.5,2,805,0.988,1.0,2,815,1.0,1.0,2,815,1.0,1.0,2,815,1.0,1.0
280,301,1,816,0,454,0.556,0.0,1,689,0.844,1.0,1,745,0.913,1.0,1,806,0.988,1.0,1,816,1.0,1.0,1,816,1.0,1.0,1,816,1.0,1.0
281,302,3,819,1,455,0.556,0.333,2,691,0.844,0.667,2,747,0.912,0.667,3,809,0.988,1.0,3,819,1.0,1.0,3,819,1.0,1.0,3,819,1.0,1.0
282,303,3,822,1,456,0.555,0.333,3,694,0.844,1.0,3,750,0.912,1.0,3,812,0.988,1.0,3,822,1.0,1.0,3,822,1.0,1.0,3,822,1.0,1.0
283,304,2,824,0,456,0.553,0.0,1,695,0.843,0.5,2,752,0.913,1.0,2,814,0.988,1.0,2,824,1.0,1.0,2,824,1.0,1.0,2,824,1.0,1.0
284,305,4,828,1,457,0.552,0.25,3,698,0.843,0.75,3,755,0.912,0.75,4,818,0.988,1.0,4,828,1.0,1.0,4,828,1.0,1.0,4,828,1.0,1.0
285,306,3,831,1,458,0.551,0.333,2,700,0.842,0.667,2,757,0.911,0.667,3,821,0.988,1.0,3,831,1.0,1.0,3,831,1.0,1.0,3,831,1.0,1.0
286,307,5,836,2,460,0.55,0.4,3,703,0.841,0.6,4,761,0.91,0.8,5,826,0.988,1.0,5,836,1.0,1.0,5,836,1.0,1.0,5,836,1.0,1.0
287,308,3,839,0,460,0.548,0.0,2,705,0.84,0.667,2,763,0.909,0.667,3,829,0.988,1.0,3,839,1.0,1.0,3,839,1.0,1.0,3,839,1.0,1.0
288,309,4,843,1,461,0.547,0.25,3,708,0.84,0.75,4,767,0.91,1.0,4,833,0.988,1.0,4,843,1.0,1.0,4,843,1.0,1.0,4,843,1.0,1.0
289,310,1,844,0,461,0.546,0.0,1,709,0.84,1.0,1,768,0.91,1.0,1,834,0.988,1.0,1,844,1.0,1.0,1,844,1.0,1.0,1,844,1.0,1.0
290,311,1,845,0,461,0.546,0.0,1,710,0.84,1.0,1,769,0.91,1.0,1,835,0.988,1.0,1,845,1.0,1.0,1,845,1.0,1.0,1,845,1.0,1.0
291,312,3,848,1,462,0.545,0.333,3,713,0.841,1.0,3,772,0.91,1.0,3,838,0.988,1.0,3,848,1.0,1.0,3,848,1.0,1.0,3,848,1.0,1.0
292,314,4,852,2,464,0.545,0.5,3,716,0.84,0.75,3,775,0.91,0.75,4,842,0.988,1.0,4,852,1.0,1.0,4,852,1.0,1.0,4,852,1.0,1.0
293,316,2,854,1,465,0.544,0.5,1,717,0.84,0.5,2,777,0.91,1.0,2,844,0.988,1.0,2,854,1.0,1.0,2,854,1.0,1.0,2,854,1.0,1.0
294,317,1,855,1,466,0.545,1.0,1,718,0.84,1.0,1,778,0.91,1.0,1,845,0.988,1.0,1,855,1.0,1.0,1,855,1.0,1.0,1,855,1.0,1.0
295,318,1,856,0,466,0.544,0.0,1,719,0.84,1.0,1,779,0.91,1.0,1,846,0.988,1.0,1,856,1.0,1.0,1,856,1.0,1.0,1,856,1.0,1.0
296,319,1,857,1,467,0.545,1.0,1,720,0.84,1.0,1,780,0.91,1.0,1,847,0.988,1.0,1,857,1.0,1.0,1,857,1.0,1.0,1,857,1.0,1.0
297,320,5,862,2,469,0.544,0.4,3,723,0.839,0.6,5,785,0.911,1.0,5,852,0.988,1.0,5,862,1.0,1.0,5,862,1.0,1.0,5,862,1.0,1.0
298,321,3,865,1,470,0.543,0.333,3,726,0.839,1.0,3,788,0.911,1.0,3,855,0.988,1.0,3,865,1.0,1.0,3,865,1.0,1.0,3,865,1.0,1.0
299,323,3,868,0,470,0.541,0.0,3,729,0.84,1.0,3,791,0.911,1.0,3,858,0.988,1.0,3,868,1.0,1.0,3,868,1.0,1.0,3,868,1.0,1.0
300,324,2,870,2,472,0.543,1.0,2,731,0.84,1.0,2,793,0.911,1.0,2,860,0.989,1.0,2,870,1.0,1.0,2,870,1.0,1.0,2,870,1.0,1.0
301,325,3,873,2,474,0.543,0.667,3,734,0.841,1.0,3,796,0.912,1.0,3,863,0.989,1.0,3,873,1.0,1.0,3,873,1.0,1.0,3,873,1.0,1.0
302,327,1,874,0,474,0.542,0.0,1,735,0.841,1.0,1,797,0.912,1.0,1,864,0.989,1.0,1,874,1.0,1.0,1,874,1.0,1.0,1,874,1.0,1.0
303,328,2,876,0,474,0.541,0.0,1,736,0.84,0.5,2,799,0.912,1.0,2,866,0.989,1.0,2,876,1.0,1.0,2,876,1.0,1.0,2,876,1.0,1.0
304,330,2,878,1,475,0.541,0.5,1,737,0.839,0.5,2,801,0.912,1.0,2,868,0.989,1.0,2,878,1.0,1.0,2,878,1.0,1.0,2,878,1.0,1.0
305,331,3,881,0,475,0.539,0.0,2,739,0.839,0.667,2,803,0.911,0.667,2,870,0.988,0.667,3,881,1.0,1.0,3,881,1.0,1.0,3,881,1.0,1.0
306,332,1,882,1,476,0.54,1.0,1,740,0.839,1.0,1,804,0.912,1.0,1,871,0.988,1.0,1,882,1.0,1.0,1,882,1.0,1.0,1,882,1.0,1.0
307,334,1,883,0,476,0.539,0.0,1,741,0.839,1.0,1,805,0.912,1.0,1,872,0.988,1.0,1,883,1.0,1.0,1,883,1.0,1.0,1,883,1.0,1.0
308,335,2,885,0,476,0.538,0.0,1,742,0.838,0.5,1,806,0.911,0.5,2,874,0.988,1.0,2,885,1.0,1.0,2,885,1.0,1.0,2,885,1.0,1.0
309,336,2,887,0,476,0.537,0.0,1,743,0.838,0.5,1,807,0.91,0.5,2,876,0.988,1.0,2,887,1.0,1.0,2,887,1.0,1.0,2,887,1.0,1.0
310,337,2,889,0,476,0.535,0.0,1,744,0.837,0.5,1,808,0.909,0.5,2,878,0.988,1.0,2,889,1.0,1.0,2,889,1.0,1.0,2,889,1.0,1.0
311,338,3,892,1,477,0.535,0.333,2,746,0.836,0.667,3,811,0.909,1.0,3,881,0.988,1.0,3,892,1.0,1.0,3,892,1.0,1.0,3,892,1.0,1.0
312,339,4,896,1,478,0.533,0.25,2,748,0.835,0.5,4,815,0.91,1.0,4,885,0.988,1.0,4,896,1.0,1.0,4,896,1.0,1.0,4,896,1.0,1.0
313,340,1,897,0,478,0.533,0.0,1,749,0.835,1.0,1,816,0.91,1.0,1,886,0.988,1.0,1,897,1.0,1.0,1,897,1.0,1.0,1,897,1.0,1.0
314,341,1,898,1,479,0.533,1.0,1,750,0.835,1.0,1,817,0.91,1.0,1,887,0.988,1.0,1,898,1.0,1.0,1,898,1.0,1.0,1,898,1.0,1.0
315,342,1,899,1,480,0.534,1.0,1,751,0.835,1.0,1,818,0.91,1.0,1,888,0.988,1.0,1,899,1.0,1.0,1,899,1.0,1.0,1,899,1.0,1.0
316,343,1,900,0,480,0.533,0.0,0,751,0.834,0.0,0,818,0.909,0.0,1,889,0.988,1.0,1,900,1.0,1.0,1,900,1.0,1.0,1,900,1.0,1.0
317,344,2,902,1,481,0.533,0.5,1,752,0.834,0.5,2,820,0.909,1.0,2,891,0.988,1.0,2,902,1.0,1.0,2,902,1.0,1.0,2,902,1.0,1.0
318,345,1,903,0,481,0.533,0.0,1,753,0.834,1.0,1,821,0.909,1.0,1,892,0.988,1.0,1,903,1.0,1.0,1,903,1.0,1.0,1,903,1.0,1.0
319,346,1,904,1,482,0.533,1.0,1,754,0.834,1.0,1,822,0.909,1.0,1,893,0.988,1.0,1,904,1.0,1.0,1,904,1.0,1.0,1,904,1.0,1.0
320,347,3,907,1,483,0.533,0.333,3,757,0.835,1.0,3,825,0.91,1.0,3,896,0.988,1.0,3,907,1.0,1.0,3,907,1.0,1.0,3,907,1.0,1.0
321,348,2,909,1,484,0.532,0.5,1,758,0.834,0.5,2,827,0.91,1.0,2,898,0.988,1.0,2,909,1.0,1.0,2,909,1.0,1.0,2,909,1.0,1.0
322,349,5,914,1,485,0.531,0.2,2,760,0.832,0.4,3,830,0.908,0.6,4,902,0.987,0.8,5,914,1.0,1.0,5,914,1.0,1.0,5,914,1.0,1.0
323,350,2,916,0,485,0.529,0.0,2,762,0.832,1.0,2,832,0.908,1.0,2,904,0.987,1.0,2,916,1.0,1.0,2,916,1.0,1.0,2,916,1.0,1.0
324,351,4,920,2,487,0.529,0.5,3,765,0.832,0.75,4,836,0.909,1.0,4,908,0.987,1.0,4,920,1.0,1.0,4,920,1.0,1.0,4,920,1.0,1.0
325,353,1,921,0,487,0.529,0.0,0,765,0.831,0.0,0,836,0.908,0.0,1,909,0.987,1.0,1,921,1.0,1.0,1,921,1.0,1.0,1,921,1.0,1.0
326,354,2,923,0,487,0.528,0.0,1,766,0.83,0.5,1,837,0.907,0.5,2,911,0.987,1.0,2,923,1.0,1.0,2,923,1.0,1.0,2,923,1.0,1.0
327,355,3,926,0,487,0.526,0.0,2,768,0.829,0.667,2,839,0.906,0.667,3,914,0.987,1.0,3,926,1.0,1.0,3,926,1.0,1.0,3,926,1.0,1.0
328,356,3,929,1,488,0.525,0.333,1,769,0.828,0.333,1,840,0.904,0.333,2,916,0.986,0.667,2,928,0.999,0.667,3,929,1.0,1.0,3,929,1.0,1.0
329,357,5,934,2,490,0.525,0.4,5,774,0.829,1.0,5,845,0.905,1.0,5,921,0.986,1.0,5,933,0.999,1.0,5,934,1.0,1.0,5,934,1.0,1.0
330,358,4,938,2,492,0.525,0.5,3,777,0.828,0.75,3,848,0.904,0.75,3,924,0.985,0.75,3,936,0.998,0.75,4,938,1.0,1.0,4,938,1.0,1.0
331,359,4,942,2,494,0.524,0.5,3,780,0.828,0.75,4,852,0.904,1.0,4,928,0.985,1.0,4,940,0.998,1.0,4,942,1.0,1.0,4,942,1.0,1.0
332,360,2,944,0,494,0.523,0.0,1,781,0.827,0.5,1,853,0.904,0.5,2,930,0.985,1.0,2,942,0.998,1.0,2,944,1.0,1.0,2,944,1.0,1.0
333,361,1,945,0,494,0.523,0.0,0,781,0.826,0.0,0,853,0.903,0.0,1,931,0.985,1.0,1,943,0.998,1.0,1,945,1.0,1.0,1,945,1.0,1.0
334,362,2,947,1,495,0.523,0.5,1,782,0.826,0.5,1,854,0.902,0.5,1,932,0.984,0.5,2,945,0.998,1.0,2,947,1.0,1.0,2,947,1.0,1.0
335,363,1,948,1,496,0.523,1.0,1,783,0.826,1.0,1,855,0.902,1.0,1,933,0.984,1.0,1,946,0.998,1.0,1,948,1.0,1.0,1,948,1.0,1.0
336,364,2,950,1,497,0.523,0.5,1,784,0.825,0.5,1,856,0.901,0.5,2,935,0.984,1.0,2,948,0.998,1.0,2,950,1.0,1.0,2,950,1.0,1.0
337,365,1,951,0,497,0.523,0.0,0,784,0.824,0.0,1,857,0.901,1.0,1,936,0.984,1.0,1,949,0.998,1.0,1,951,1.0,1.0,1,951,1.0,1.0
338,366,1,952,0,497,0.522,0.0,1,785,0.825,1.0,1,858,0.901,1.0,1,937,0.984,1.0,1,950,0.998,1.0,1,952,1.0,1.0,1,952,1.0,1.0
339,367,3,955,1,498,0.521,0.333,2,787,0.824,0.667,2,860,0.901,0.667,3,940,0.984,1.0,3,953,0.998,1.0,3,955,1.0,1.0,3,955,1.0,1.0
340,368,3,958,0,498,0.52,0.0,1,788,0.823,0.333,2,862,0.9,0.667,3,943,0.984,1.0,3,956,0.998,1.0,3,958,1.0,1.0,3,958,1.0,1.0
341,369,2,960,0,498,0.519,0.0,1,789,0.822,0.5,2,864,0.9,1.0,2,945,0.984,1.0,2,958,0.998,1.0,2,960,1.0,1.0,2,960,1.0,1.0
342,370,3,963,1,499,0.518,0.333,3,792,0.822,1.0,3,867,0.9,1.0,3,948,0.984,1.0,3,961,0.998,1.0,3,963,1.0,1.0,3,963,1.0,1.0
343,371,3,966,0,499,0.517,0.0,2,794,0.822,0.667,2,869,0.9,0.667,3,951,0.984,1.0,3,964,0.998,1.0,3,966,1.0,1.0,3,966,1.0,1.0
344,372,7,973,0,499,0.513,0.0,7,801,0.823,1.0,7,876,0.9,1.0,7,958,0.985,1.0,7,971,0.998,1.0,7,973,1.0,1.0,7,973,1.0,1.0
345,373,1,974,0,499,0.512,0.0,0,801,0.822,0.0,1,877,0.9,1.0,1,959,0.985,1.0,1,972,0.998,1.0,1,974,1.0,1.0,1,974,1.0,1.0
346,375,1,975,0,499,0.512,0.0,1,802,0.823,1.0,1,878,0.901,1.0,1,960,0.985,1.0,1,973,0.998,1.0,1,975,1.0,1.0,1,975,1.0,1.0
347,376,3,978,1,500,0.511,0.333,2,804,0.822,0.667,2,880,0.9,0.667,3,963,0.985,1.0,3,976,0.998,1.0,3,978,1.0,1.0,3,978,1.0,1.0
348,377,2,980,1,501,0.511,0.5,2,806,0.822,1.0,2,882,0.9,1.0,2,965,0.985,1.0,2,978,0.998,1.0,2,980,1.0,1.0,2,980,1.0,1.0
349,378,3,983,1,502,0.511,0.333,3,809,0.823,1.0,3,885,0.9,1.0,3,968,0.985,1.0,3,981,0.998,1.0,3,983,1.0,1.0,3,983,1.0,1.0
350,379,4,987,1,503,0.51,0.25,2,811,0.822,0.5,2,887,0.899,0.5,3,971,0.984,0.75,4,985,0.998,1.0,4,987,1.0,1.0,4,987,1.0,1.0
351,381,1,988,0,503,0.509,0.0,1,812,0.822,1.0,1,888,0.899,1.0,1,972,0.984,1.0,1,986,0.998,1.0,1,988,1.0,1.0,1,988,1.0,1.0
352,382,2,990,0,503,0.508,0.0,1,813,0.821,0.5,1,889,0.898,0.5,2,974,0.984,1.0,2,988,0.998,1.0,2,990,1.0,1.0,2,990,1.0,1.0
353,384,1,991,0,503,0.508,0.0,0,813,0.82,0.0,1,890,0.898,1.0,1,975,0.984,1.0,1,989,0.998,1.0,1,991,1.0,1.0,1,991,1.0,1.0
354,385,1,992,1,504,0.508,1.0,1,814,0.821,1.0,1,891,0.898,1.0,1,976,0.984,1.0,1,990,0.998,1.0,1,992,1.0,1.0,1,992,1.0,1.0
355,386,3,995,0,504,0.507,0.0,1,815,0.819,0.333,1,892,0.896,0.333,2,978,0.983,0.667,3,993,0.998,1.0,3,995,1.0,1.0,3,995,1.0,1.0
356,389,8,1003,4,508,0.506,0.5,5,820,0.818,0.625,7,899,0.896,0.875,8,986,0.983,1.0,8,1001,0.998,1.0,8,1003,1.0,1.0,8,1003,1.0,1.0
357,390,2,1005,1,509,0.506,0.5,1,821,0.817,0.5,2,901,0.897,1.0,2,988,0.983,1.0,2,1003,0.998,1.0,2,1005,1.0,1.0,2,1005,1.0,1.0
358,391,1,1006,0,509,0.506,0.0,0,821,0.816,0.0,1,902,0.897,1.0,1,989,0.983,1.0,1,1004,0.998,1.0,1,1006,1.0,1.0,1,1006,1.0,1.0
359,393,2,1008,2,511,0.507,1.0,2,823,0.816,1.0,2,904,0.897,1.0,2,991,0.983,1.0,2,1006,0.998,1.0,2,1008,1.0,1.0,2,1008,1.0,1.0
360,394,1,1009,0,511,0.506,0.0,0,823,0.816,0.0,1,905,0.897,1.0,1,992,0.983,1.0,1,1007,0.998,1.0,1,1009,1.0,1.0,1,1009,1.0,1.0
361,396,1,1010,1,512,0.507,1.0,1,824,0.816,1.0,1,906,0.897,1.0,1,993,0.983,1.0,1,1008,0.998,1.0,1,1010,1.0,1.0,1,1010,1.0,1.0
362,398,1,1011,0,512,0.506,0.0,1,825,0.816,1.0,1,907,0.897,1.0,1,994,0.983,1.0,1,1009,0.998,1.0,1,1011,1.0,1.0,1,1011,1.0,1.0
363,399,1,1012,0,512,0.506,0.0,0,825,0.815,0.0,0,907,0.896,0.0,1,995,0.983,1.0,1,1010,0.998,1.0,1,1012,1.0,1.0,1,1012,1.0,1.0
364,400,2,1014,0,512,0.505,0.0,1,826,0.815,0.5,2,909,0.896,1.0,2,997,0.983,1.0,2,1012,0.998,1.0,2,1014,1.0,1.0,2,1014,1.0,1.0
365,401,3,1017,1,513,0.504,0.333,2,828,0.814,0.667,2,911,0.896,0.667,3,1000,0.983,1.0,3,1015,0.998,1.0,3,1017,1.0,1.0,3,1017,1.0,1.0
366,402,1,1018,0,513,0.504,0.0,0,828,0.813,0.0,0,911,0.895,0.0,0,1000,0.982,0.0,1,1016,0.998,1.0,1,1018,1.0,1.0,1,1018,1.0,1.0
367,403,2,1020,0,513,0.503,0.0,0,828,0.812,0.0,0,911,0.893,0.0,2,1002,0.982,1.0,2,1018,0.998,1.0,2,1020,1.0,1.0,2,1020,1.0,1.0
368,404,3,1023,0,513,0.501,0.0,1,829,0.81,0.333,1,912,0.891,0.333,3,1005,0.982,1.0,3,1021,0.998,1.0,3,1023,1.0,1.0,3,1023,1.0,1.0
369,405,2,1025,0,513,0.5,0.0,2,831,0.811,1.0,2,914,0.892,1.0,2,1007,0.982,1.0,2,1023,0.998,1.0,2,1025,1.0,1.0,2,1025,1.0,1.0
370,406,1,1026,0,513,0.5,0.0,1,832,0.811,1.0,1,915,0.892,1.0,1,1008,0.982,1.0,1,1024,0.998,1.0,1,1026,1.0,1.0,1,1026,1.0,1.0
371,407,6,1032,2,515,0.499,0.333,3,835,0.809,0.5,3,918,0.89,0.5,5,1013,0.982,0.833,5,1029,0.997,0.833,6,1032,1.0,1.0,6,1032,1.0,1.0
372,409,2,1034,0,515,0.498,0.0,0,835,0.808,0.0,1,919,0.889,0.5,2,1015,0.982,1.0,2,1031,0.997,1.0,2,1034,1.0,1.0,2,1034,1.0,1.0
373,410,2,1036,0,515,0.497,0.0,1,836,0.807,0.5,2,921,0.889,1.0,2,1017,0.982,1.0,2,1033,0.997,1.0,2,1036,1.0,1.0,2,1036,1.0,1.0
374,411,1,1037,0,515,0.497,0.0,0,836,0.806,0.0,1,922,0.889,1.0,1,1018,0.982,1.0,1,1034,0.997,1.0,1,1037,1.0,1.0,1,1037,1.0,1.0
375,412,7,1044,4,519,0.497,0.571,4,840,0.805,0.571,5,927,0.888,0.714,6,1024,0.981,0.857,7,1041,0.997,1.0,7,1044,1.0,1.0,7,1044,1.0,1.0
376,413,2,1046,0,519,0.496,0.0,0,840,0.803,0.0,1,928,0.887,0.5,2,1026,0.981,1.0,2,1043,0.997,1.0,2,1046,1.0,1.0,2,1046,1.0,1.0
377,415,3,1049,2,521,0.497,0.667,3,843,0.804,1.0,3,931,0.888,1.0,3,1029,0.981,1.0,3,1046,0.997,1.0,3,1049,1.0,1.0,3,1049,1.0,1.0
378,416,1,1050,1,522,0.497,1.0,1,844,0.804,1.0,1,932,0.888,1.0,1,1030,0.981,1.0,1,1047,0.997,1.0,1,1050,1.0,1.0,1,1050,1.0,1.0
379,417,4,1054,0,522,0.495,0.0,1,845,0.802,0.25,1,933,0.885,0.25,2,1032,0.979,0.5,2,1049,0.995,0.5,3,1053,0.999,0.75,4,1054,1.0,1.0
380,420,1,1055,0,522,0.495,0.0,0,845,0.801,0.0,1,934,0.885,1.0,1,1033,0.979,1.0,1,1050,0.995,1.0,1,1054,0.999,1.0,1,1055,1.0,1.0
381,421,2,1057,1,523,0.495,0.5,1,846,0.8,0.5,1,935,0.885,0.5,1,1034,0.978,0.5,1,1051,0.994,0.5,1,1055,0.998,0.5,2,1057,1.0,1.0
382,422,1,1058,1,524,0.495,1.0,1,847,0.801,1.0,1,936,0.885,1.0,1,1035,0.978,1.0,1,1052,0.994,1.0,1,1056,0.998,1.0,1,1058,1.0,1.0
383,424,1,1059,1,525,0.496,1.0,1,848,0.801,1.0,1,937,0.885,1.0,1,1036,0.978,1.0,1,1053,0.994,1.0,1,1057,0.998,1.0,1,1059,1.0,1.0
384,425,4,1063,1,526,0.495,0.25,3,851,0.801,0.75,4,941,0.885,1.0,4,1040,0.978,1.0,4,1057,0.994,1.0,4,1061,0.998,1.0,4,1063,1.0,1.0
385,426,3,1066,1,527,0.494,0.333,2,853,0.8,0.667,2,943,0.885,0.667,3,1043,0.978,1.0,3,1060,0.994,1.0,3,1064,0.998,1.0,3,1066,1.0,1.0
386,428,1,1067,0,527,0.494,0.0,0,853,0.799,0.0,0,943,0.884,0.0,0,1043,0.978,0.0,1,1061,0.994,1.0,1,1065,0.998,1.0,1,1067,1.0,1.0
387,429,2,1069,1,528,0.494,0.5,2,855,0.8,1.0,2,945,0.884,1.0,2,1045,0.978,1.0,2,1063,0.994,1.0,2,1067,0.998,1.0,2,1069,1.0,1.0
388,430,2,1071,0,528,0.493,0.0,0,855,0.798,0.0,1,946,0.883,0.5,2,1047,0.978,1.0,2,1065,0.994,1.0,2,1069,0.998,1.0,2,1071,1.0,1.0
389,431,2,1073,2,530,0.494,1.0,2,857,0.799,1.0,2,948,0.884,1.0,2,1049,0.978,1.0,2,1067,0.994,1.0,2,1071,0.998,1.0,2,1073,1.0,1.0
390,432,1,1074,0,530,0.493,0.0,1,858,0.799,1.0,1,949,0.884,1.0,1,1050,0.978,1.0,1,1068,0.994,1.0,1,1072,0.998,1.0,1,1074,1.0,1.0
391,433,2,1076,0,530,0.493,0.0,2,860,0.799,1.0,2,951,0.884,1.0,2,1052,0.978,1.0,2,1070,0.994,1.0,2,1074,0.998,1.0,2,1076,1.0,1.0
392,434,4,1080,2,532,0.493,0.5,2,862,0.798,0.5,3,954,0.883,0.75,4,1056,0.978,1.0,4,1074,0.994,1.0,4,1078,0.998,1.0,4,1080,1.0,1.0
393,435,4,1084,1,533,0.492,0.25,3,865,0.798,0.75,3,957,0.883,0.75,4,1060,0.978,1.0,4,1078,0.994,1.0,4,1082,0.998,1.0,4,1084,1.0,1.0
394,438,1,1085,0,533,0.491,0.0,1,866,0.798,1.0,1,958,0.883,1.0,1,1061,0.978,1.0,1,1079,0.994,1.0,1,1083,0.998,1.0,1,1085,1.0,1.0
395,439,3,1088,0,533,0.49,0.0,3,869,0.799,1.0,3,961,0.883,1.0,3,1064,0.978,1.0,3,1082,0.994,1.0,3,1086,0.998,1.0,3,1088,1.0,1.0
396,440,2,1090,0,533,0.489,0.0,1,870,0.798,0.5,2,963,0.883,1.0,2,1066,0.978,1.0,2,1084,0.994,1.0,2,1088,0.998,1.0,2,1090,1.0,1.0
397,441,1,1091,0,533,0.489,0.0,1,871,0.798,1.0,1,964,0.884,1.0,1,1067,0.978,1.0,1,1085,0.995,1.0,1,1089,0.998,1.0,1,1091,1.0,1.0
398,442,1,1092,0,533,0.488,0.0,0,871,0.798,0.0,0,964,0.883,0.0,1,1068,0.978,1.0,1,1086,0.995,1.0,1,1090,0.998,1.0,1,1092,1.0,1.0
399,443,1,1093,0,533,0.488,0.0,1,872,0.798,1.0,1,965,0.883,1.0,1,1069,0.978,1.0,1,1087,0.995,1.0,1,1091,0.998,1.0,1,1093,1.0,1.0
400,446,2,1095,1,534,0.488,0.5,1,873,0.797,0.5,1,966,0.882,0.5,1,1070,0.977,0.5,1,1088,0.994,0.5,2,1093,0.998,1.0,2,1095,1.0,1.0
401,449,3,1098,0,534,0.486,0.0,2,875,0.797,0.667,3,969,0.883,1.0,3,1073,0.977,1.0,3,1091,0.994,1.0,3,1096,0.998,1.0,3,1098,1.0,1.0
402,450,5,1103,1,535,0.485,0.2,2,877,0.795,0.4,3,972,0.881,0.6,5,1078,0.977,1.0,5,1096,0.994,1.0,5,1101,0.998,1.0,5,1103,1.0,1.0
403,452,2,1105,0,535,0.484,0.0,0,877,0.794,0.0,1,973,0.881,0.5,2,1080,0.977,1.0,2,1098,0.994,1.0,2,1103,0.998,1.0,2,1105,1.0,1.0
404,454,3,1108,1,536,0.484,0.333,1,878,0.792,0.333,1,974,0.879,0.333,2,1082,0.977,0.667,3,1101,0.994,1.0,3,1106,0.998,1.0,3,1108,1.0,1.0
405,455,1,1109,0,536,0.483,0.0,1,879,0.793,1.0,1,975,0.879,1.0,1,1083,0.977,1.0,1,1102,0.994,1.0,1,1107,0.998,1.0,1,1109,1.0,1.0
406,458,1,1110,0,536,0.483,0.0,0,879,0.792,0.0,0,975,0.878,0.0,1,1084,0.977,1.0,1,1103,0.994,1.0,1,1108,0.998,1.0,1,1110,1.0,1.0
407,459,3,1113,1,537,0.482,0.333,2,881,0.792,0.667,2,977,0.878,0.667,3,1087,0.977,1.0,3,1106,0.994,1.0,3,1111,0.998,1.0,3,1113,1.0,1.0
408,460,2,1115,0,537,0.482,0.0,1,882,0.791,0.5,2,979,0.878,1.0,2,1089,0.977,1.0,2,1108,0.994,1.0,2,1113,0.998,1.0,2,1115,1.0,1.0
409,461,3,1118,2,539,0.482,0.667,3,885,0.792,1.0,3,982,0.878,1.0,3,1092,0.977,1.0,3,1111,0.994,1.0,3,1116,0.998,1.0,3,1118,1.0,1.0
410,462,2,1120,0,539,0.481,0.0,1,886,0.791,0.5,1,983,0.878,0.5,2,1094,0.977,1.0,2,1113,0.994,1.0,2,1118,0.998,1.0,2,1120,1.0,1.0
411,463,1,1121,0,539,0.481,0.0,0,886,0.79,0.0,1,984,0.878,1.0,1,1095,0.977,1.0,1,1114,0.994,1.0,1,1119,0.998,1.0,1,1121,1.0,1.0
412,465,1,1122,0,539,0.48,0.0,0,886,0.79,0.0,1,985,0.878,1.0,1,1096,0.977,1.0,1,1115,0.994,1.0,1,1120,0.998,1.0,1,1122,1.0,1.0
413,466,1,1123,0,539,0.48,0.0,0,886,0.789,0.0,0,985,0.877,0.0,0,1096,0.976,0.0,1,1116,0.994,1.0,1,1121,0.998,1.0,1,1123,1.0,1.0
414,467,1,1124,0,539,0.48,0.0,0,886,0.788,0.0,0,985,0.876,0.0,1,1097,0.976,1.0,1,1117,0.994,1.0,1,1122,0.998,1.0,1,1124,1.0,1.0
415,468,1,1125,0,539,0.479,0.0,0,886,0.788,0.0,1,986,0.876,1.0,1,1098,0.976,1.0,1,1118,0.994,1.0,1,1123,0.998,1.0,1,1125,1.0,1.0
416,470,1,1126,0,539,0.479,0.0,1,887,0.788,1.0,1,987,0.877,1.0,1,1099,0.976,1.0,1,1119,0.994,1.0,1,1124,0.998,1.0,1,1126,1.0,1.0
417,471,2,1128,0,539,0.478,0.0,0,887,0.786,0.0,0,987,0.875,0.0,1,1100,0.975,0.5,2,1121,0.994,1.0,2,1126,0.998,1.0,2,1128,1.0,1.0
418,472,1,1129,1,540,0.478,1.0,1,888,0.787,1.0,1,988,0.875,1.0,1,1101,0.975,1.0,1,1122,0.994,1.0,1,1127,0.998,1.0,1,1129,1.0,1.0
419,473,1,1130,1,541,0.479,1.0,1,889,0.787,1.0,1,989,0.875,1.0,1,1102,0.975,1.0,1,1123,0.994,1.0,1,1128,0.998,1.0,1,1130,1.0,1.0
420,474,1,1131,0,541,0.478,0.0,0,889,0.786,0.0,1,990,0.875,1.0,1,1103,0.975,1.0,1,1124,0.994,1.0,1,1129,0.998,1.0,1,1131,1.0,1.0
421,475,3,1134,0,541,0.477,0.0,1,890,0.785,0.333,2,992,0.875,0.667,2,1105,0.974,0.667,2,1126,0.993,0.667,3,1132,0.998,1.0,3,1134,1.0,1.0
422,476,4,1138,1,542,0.476,0.25,2,892,0.784,0.5,2,994,0.873,0.5,4,1109,0.975,1.0,4,1130,0.993,1.0,4,1136,0.998,1.0,4,1138,1.0,1.0
423,477,3,1141,2,544,0.477,0.667,2,894,0.784,0.667,2,996,0.873,0.667,3,1112,0.975,1.0,3,1133,0.993,1.0,3,1139,0.998,1.0,3,1141,1.0,1.0
424,479,1,1142,1,545,0.477,1.0,1,895,0.784,1.0,1,997,0.873,1.0,1,1113,0.975,1.0,1,1134,0.993,1.0,1,1140,0.998,1.0,1,1142,1.0,1.0
425,480,2,1144,0,545,0.476,0.0,2,897,0.784,1.0,2,999,0.873,1.0,2,1115,0.975,1.0,2,1136,0.993,1.0,2,1142,0.998,1.0,2,1144,1.0,1.0
426,483,1,1145,0,545,0.476,0.0,0,897,0.783,0.0,0,999,0.872,0.0,1,1116,0.975,1.0,1,1137,0.993,1.0,1,1143,0.998,1.0,1,1145,1.0,1.0
427,484,2,1147,2,547,0.477,1.0,2,899,0.784,1.0,2,1001,0.873,1.0,2,1118,0.975,1.0,2,1139,0.993,1.0,2,1145,0.998,1.0,2,1147,1.0,1.0
428,487,5,1152,1,548,0.476,0.2,1,900,0.781,0.2,2,1003,0.871,0.4,4,1122,0.974,0.8,4,1143,0.992,0.8,5,1150,0.998,1.0,5,1152,1.0,1.0
429,489,1,1153,1,549,0.476,1.0,1,901,0.781,1.0,1,1004,0.871,1.0,1,1123,0.974,1.0,1,1144,0.992,1.0,1,1151,0.998,1.0,1,1153,1.0,1.0
430,490,2,1155,1,550,0.476,0.5,2,903,0.782,1.0,2,1006,0.871,1.0,2,1125,0.974,1.0,2,1146,0.992,1.0,2,1153,0.998,1.0,2,1155,1.0,1.0
431,491,3,1158,2,552,0.477,0.667,3,906,0.782,1.0,3,1009,0.871,1.0,3,1128,0.974,1.0,3,1149,0.992,1.0,3,1156,0.998,1.0,3,1158,1.0,1.0
432,492,2,1160,1,553,0.477,0.5,1,907,0.782,0.5,2,1011,0.872,1.0,2,1130,0.974,1.0,2,1151,0.992,1.0,2,1158,0.998,1.0,2,1160,1.0,1.0
433,493,1,1161,0,553,0.476,0.0,1,908,0.782,1.0,1,1012,0.872,1.0,1,1131,0.974,1.0,1,1152,0.992,1.0,1,1159,0.998,1.0,1,1161,1.0,1.0
434,494,3,1164,1,554,0.476,0.333,2,910,0.782,0.667,3,1015,0.872,1.0,3,1134,0.974,1.0,3,1155,0.992,1.0,3,1162,0.998,1.0,3,1164,1.0,1.0
435,496,1,1165,0,554,0.476,0.0,1,911,0.782,1.0,1,1016,0.872,1.0,1,1135,0.974,1.0,1,1156,0.992,1.0,1,1163,0.998,1.0,1,1165,1.0,1.0
436,497,1,1166,0,554,0.475,0.0,1,912,0.782,1.0,1,1017,0.872,1.0,1,1136,0.974,1.0,1,1157,0.992,1.0,1,1164,0.998,1.0,1,1166,1.0,1.0
437,498,4,1170,0,554,0.474,0.0,2,914,0.781,0.5,3,1020,0.872,0.75,3,1139,0.974,0.75,4,1161,0.992,1.0,4,1168,0.998,1.0,4,1170,1.0,1.0
438,499,1,1171,0,554,0.473,0.0,1,915,0.781,1.0,1,1021,0.872,1.0,1,1140,0.974,1.0,1,1162,0.992,1.0,1,1169,0.998,1.0,1,1171,1.0,1.0
439,500,2,1173,1,555,0.473,0.5,2,917,0.782,1.0,2,1023,0.872,1.0,2,1142,0.974,1.0,2,1164,0.992,1.0,2,1171,0.998,1.0,2,1173,1.0,1.0
440,501,2,1175,0,555,0.472,0.0,1,918,0.781,0.5,1,1024,0.871,0.5,2,1144,0.974,1.0,2,1166,0.992,1.0,2,1173,0.998,1.0,2,1175,1.0,1.0
441,502,2,1177,1,556,0.472,0.5,2,920,0.782,1.0,2,1026,0.872,1.0,2,1146,0.974,1.0,2,1168,0.992,1.0,2,1175,0.998,1.0,2,1177,1.0,1.0
442,503,1,1178,0,556,0.472,0.0,1,921,0.782,1.0,1,1027,0.872,1.0,1,1147,0.974,1.0,1,1169,0.992,1.0,1,1176,0.998,1.0,1,1178,1.0,1.0
443,504,3,1181,2,558,0.472,0.667,3,924,0.782,1.0,3,1030,0.872,1.0,3,1150,0.974,1.0,3,1172,0.992,1.0,3,1179,0.998,1.0,3,1181,1.0,1.0
444,509,3,1184,1,559,0.472,0.333,2,926,0.782,0.667,3,1033,0.872,1.0,3,1153,0.974,1.0,3,1175,0.992,1.0,3,1182,0.998,1.0,3,1184,1.0,1.0
445,510,2,1186,0,559,0.471,0.0,1,927,0.782,0.5,1,1034,0.872,0.5,1,1154,0.973,0.5,2,1177,0.992,1.0,2,1184,0.998,1.0,2,1186,1.0,1.0
446,511,4,1190,0,559,0.47,0.0,3,930,0.782,0.75,3,1037,0.871,0.75,4,1158,0.973,1.0,4,1181,0.992,1.0,4,1188,0.998,1.0,4,1190,1.0,1.0
447,512,2,1192,0,559,0.469,0.0,0,930,0.78,0.0,1,1038,0.871,0.5,2,1160,0.973,1.0,2,1183,0.992,1.0,2,1190,0.998,1.0,2,1192,1.0,1.0
448,513,4,1196,0,559,0.467,0.0,1,931,0.778,0.25,1,1039,0.869,0.25,4,1164,0.973,1.0,4,1187,0.992,1.0,4,1194,0.998,1.0,4,1196,1.0,1.0
449,515,1,1197,0,559,0.467,0.0,0,931,0.778,0.0,0,1039,0.868,0.0,1,1165,0.973,1.0,1,1188,0.992,1.0,1,1195,0.998,1.0,1,1197,1.0,1.0
450,517,1,1198,0,559,0.467,0.0,1,932,0.778,1.0,1,1040,0.868,1.0,1,1166,0.973,1.0,1,1189,0.992,1.0,1,1196,0.998,1.0,1,1198,1.0,1.0
451,518,1,1199,0,559,0.466,0.0,0,932,0.777,0.0,1,1041,0.868,1.0,1,1167,0.973,1.0,1,1190,0.992,1.0,1,1197,0.998,1.0,1,1199,1.0,1.0
452,523,1,1200,1,560,0.467,1.0,1,933,0.778,1.0,1,1042,0.868,1.0,1,1168,0.973,1.0,1,1191,0.992,1.0,1,1198,0.998,1.0,1,1200,1.0,1.0
453,524,1,1201,0,560,0.466,0.0,0,933,0.777,0.0,0,1042,0.868,0.0,1,1169,0.973,1.0,1,1192,0.993,1.0,1,1199,0.998,1.0,1,1201,1.0,1.0
454,525,2,1203,0,560,0.466,0.0,0,933,0.776,0.0,1,1043,0.867,0.5,2,1171,0.973,1.0,2,1194,0.993,1.0,2,1201,0.998,1.0,2,1203,1.0,1.0
455,526,3,1206,2,562,0.466,0.667,3,936,0.776,1.0,3,1046,0.867,1.0,3,1174,0.973,1.0,3,1197,0.993,1.0,3,1204,0.998,1.0,3,1206,1.0,1.0
456,528,3,1209,2,564,0.467,0.667,3,939,0.777,1.0,3,1049,0.868,1.0,3,1177,0.974,1.0,3,1200,0.993,1.0,3,1207,0.998,1.0,3,1209,1.0,1.0
457,529,2,1211,0,564,0.466,0.0,2,941,0.777,1.0,2,1051,0.868,1.0,2,1179,0.974,1.0,2,1202,0.993,1.0,2,1209,0.998,1.0,2,1211,1.0,1.0
458,531,1,1212,0,564,0.465,0.0,0,941,0.776,0.0,0,1051,0.867,0.0,0,1179,0.973,0.0,1,1203,0.993,1.0,1,1210,0.998,1.0,1,1212,1.0,1.0
459,534,1,1213,0,564,0.465,0.0,0,941,0.776,0.0,1,1052,0.867,1.0,1,1180,0.973,1.0,1,1204,0.993,1.0,1,1211,0.998,1.0,1,1213,1.0,1.0
460,536,2,1215,1,565,0.465,0.5,2,943,0.776,1.0,2,1054,0.867,1.0,2,1182,0.973,1.0,2,1206,0.993,1.0,2,1213,0.998,1.0,2,1215,1.0,1.0
461,537,2,1217,1,566,0.465,0.5,1,944,0.776,0.5,1,1055,0.867,0.5,1,1183,0.972,0.5,1,1207,0.992,0.5,2,1215,0.998,1.0,2,1217,1.0,1.0
462,539,2,1219,0,566,0.464,0.0,1,945,0.775,0.5,1,1056,0.866,0.5,2,1185,0.972,1.0,2,1209,0.992,1.0,2,1217,0.998,1.0,2,1219,1.0,1.0
463,542,1,1220,1,567,0.465,1.0,1,946,0.775,1.0,1,1057,0.866,1.0,1,1186,0.972,1.0,1,1210,0.992,1.0,1,1218,0.998,1.0,1,1220,1.0,1.0
464,543,4,1224,1,568,0.464,0.25,2,948,0.775,0.5,2,1059,0.865,0.5,3,1189,0.971,0.75,4,1214,0.992,1.0,4,1222,0.998,1.0,4,1224,1.0,1.0
465,546,1,1225,0,568,0.464,0.0,1,949,0.775,1.0,1,1060,0.865,1.0,1,1190,0.971,1.0,1,1215,0.992,1.0,1,1223,0.998,1.0,1,1225,1.0,1.0
466,547,4,1229,1,569,0.463,0.25,1,950,0.773,0.25,2,1062,0.864,0.5,4,1194,0.972,1.0,4,1219,0.992,1.0,4,1227,0.998,1.0,4,1229,1.0,1.0
467,549,1,1230,0,569,0.463,0.0,0,950,0.772,0.0,1,1063,0.864,1.0,1,1195,0.972,1.0,1,1220,0.992,1.0,1,1228,0.998,1.0,1,1230,1.0,1.0
468,550,2,1232,0,569,0.462,0.0,1,951,0.772,0.5,2,1065,0.864,1.0,2,1197,0.972,1.0,2,1222,0.992,1.0,2,1230,0.998,1.0,2,1232,1.0,1.0
469,551,4,1236,0,569,0.46,0.0,2,953,0.771,0.5,3,1068,0.864,0.75,4,1201,0.972,1.0,4,1226,0.992,1.0,4,1234,0.998,1.0,4,1236,1.0,1.0
470,552,1,1237,0,569,0.46,0.0,0,953,0.77,0.0,1,1069,0.864,1.0,1,1202,0.972,1.0,1,1227,0.992,1.0,1,1235,0.998,1.0,1,1237,1.0,1.0
471,553,1,1238,0,569,0.46,0.0,0,953,0.77,0.0,0,1069,0.863,0.0,1,1203,0.972,1.0,1,1228,0.992,1.0,1,1236,0.998,1.0,1,1238,1.0,1.0
472,554,1,1239,0,569,0.459,0.0,1,954,0.77,1.0,1,1070,0.864,1.0,1,1204,0.972,1.0,1,1229,0.992,1.0,1,1237,0.998,1.0,1,1239,1.0,1.0
473,556,3,1242,0,569,0.458,0.0,2,956,0.77,0.667,3,1073,0.864,1.0,3,1207,0.972,1.0,3,1232,0.992,1.0,3,1240,0.998,1.0,3,1242,1.0,1.0
474,558,3,1245,0,569,0.457,0.0,2,958,0.769,0.667,2,1075,0.863,0.667,3,1210,0.972,1.0,3,1235,0.992,1.0,3,1243,0.998,1.0,3,1245,1.0,1.0
475,559,1,1246,0,569,0.457,0.0,1,959,0.77,1.0,1,1076,0.864,1.0,1,1211,0.972,1.0,1,1236,0.992,1.0,1,1244,0.998,1.0,1,1246,1.0,1.0
476,561,2,1248,0,569,0.456,0.0,2,961,0.77,1.0,2,1078,0.864,1.0,2,1213,0.972,1.0,2,1238,0.992,1.0,2,1246,0.998,1.0,2,1248,1.0,1.0
477,562,1,1249,0,569,0.456,0.0,0,961,0.769,0.0,0,1078,0.863,0.0,1,1214,0.972,1.0,1,1239,0.992,1.0,1,1247,0.998,1.0,1,1249,1.0,1.0
478,563,1,1250,0,569,0.455,0.0,1,962,0.77,1.0,1,1079,0.863,1.0,1,1215,0.972,1.0,1,1240,0.992,1.0,1,1248,0.998,1.0,1,1250,1.0,1.0
479,564,3,1253,1,570,0.455,0.333,2,964,0.769,0.667,2,1081,0.863,0.667,3,1218,0.972,1.0,3,1243,0.992,1.0,3,1251,0.998,1.0,3,1253,1.0,1.0
480,565,2,1255,0,570,0.454,0.0,0,964,0.768,0.0,0,1081,0.861,0.0,2,1220,0.972,1.0,2,1245,0.992,1.0,2,1253,0.998,1.0,2,1255,1.0,1.0
481,566,1,1256,0,570,0.454,0.0,0,964,0.768,0.0,1,1082,0.861,1.0,1,1221,0.972,1.0,1,1246,0.992,1.0,1,1254,0.998,1.0,1,1256,1.0,1.0
482,568,3,1259,0,570,0.453,0.0,1,965,0.766,0.333,1,1083,0.86,0.333,1,1222,0.971,0.333,3,1249,0.992,1.0,3,1257,0.998,1.0,3,1259,1.0,1.0
483,570,1,1260,0,570,0.452,0.0,0,965,0.766,0.0,0,1083,0.86,0.0,1,1223,0.971,1.0,1,1250,0.992,1.0,1,1258,0.998,1.0,1,1260,1.0,1.0
484,571,3,1263,0,570,0.451,0.0,3,968,0.766,1.0,3,1086,0.86,1.0,3,1226,0.971,1.0,3,1253,0.992,1.0,3,1261,0.998,1.0,3,1263,1.0,1.0
485,572,1,1264,1,571,0.452,1.0,1,969,0.767,1.0,1,1087,0.86,1.0,1,1227,0.971,1.0,1,1254,0.992,1.0,1,1262,0.998,1.0,1,1264,1.0,1.0
486,574,3,1267,1,572,0.451,0.333,3,972,0.767,1.0,3,1090,0.86,1.0,3,1230,0.971,1.0,3,1257,0.992,1.0,3,1265,0.998,1.0,3,1267,1.0,1.0
487,575,3,1270,0,572,0.45,0.0,1,973,0.766,0.333,2,1092,0.86,0.667,3,1233,0.971,1.0,3,1260,0.992,1.0,3,1268,0.998,1.0,3,1270,1.0,1.0
488,576,2,1272,0,572,0.45,0.0,1,974,0.766,0.5,1,1093,0.859,0.5,1,1234,0.97,0.5,2,1262,0.992,1.0,2,1270,0.998,1.0,2,1272,1.0,1.0
489,577,2,1274,0,572,0.449,0.0,0,974,0.765,0.0,0,1093,0.858,0.0,1,1235,0.969,0.5,2,1264,0.992,1.0,2,1272,0.998,1.0,2,1274,1.0,1.0
490,578,3,1277,0,572,0.448,0.0,0,974,0.763,0.0,1,1094,0.857,0.333,2,1237,0.969,0.667,2,1266,0.991,0.667,3,1275,0.998,1.0,3,1277,1.0,1.0
491,579,1,1278,0,572,0.448,0.0,0,974,0.762,0.0,0,1094,0.856,0.0,0,1237,0.968,0.0,0,1266,0.991,0.0,1,1276,0.998,1.0,1,1278,1.0,1.0
492,580,1,1279,1,573,0.448,1.0,1,975,0.762,1.0,1,1095,0.856,1.0,1,1238,0.968,1.0,1,1267,0.991,1.0,1,1277,0.998,1.0,1,1279,1.0,1.0
493,584,2,1281,0,573,0.447,0.0,0,975,0.761,0.0,0,1095,0.855,0.0,2,1240,0.968,1.0,2,1269,0.991,1.0,2,1279,0.998,1.0,2,1281,1.0,1.0
494,585,1,1282,1,574,0.448,1.0,1,976,0.761,1.0,1,1096,0.855,1.0,1,1241,0.968,1.0,1,1270,0.991,1.0,1,1280,0.998,1.0,1,1282,1.0,1.0
495,587,2,1284,0,574,0.447,0.0,1,977,0.761,0.5,1,1097,0.854,0.5,1,1242,0.967,0.5,1,1271,0.99,0.5,2,1282,0.998,1.0,2,1284,1.0,1.0
496,590,4,1288,0,574,0.446,0.0,3,980,0.761,0.75,3,1100,0.854,0.75,3,1245,0.967,0.75,4,1275,0.99,1.0,4,1286,0.998,1.0,4,1288,1.0,1.0
497,591,2,1290,0,574,0.445,0.0,2,982,0.761,1.0,2,1102,0.854,1.0,2,1247,0.967,1.0,2,1277,0.99,1.0,2,1288,0.998,1.0,2,1290,1.0,1.0
498,592,1,1291,0,574,0.445,0.0,0,982,0.761,0.0,0,1102,0.854,0.0,0,1247,0.966,0.0,1,1278,0.99,1.0,1,1289,0.998,1.0,1,1291,1.0,1.0
499,594,1,1292,0,574,0.444,0.0,0,982,0.76,0.0,1,1103,0.854,1.0,1,1248,0.966,1.0,1,1279,0.99,1.0,1,1290,0.998,1.0,1,1292,1.0,1.0
500,595,3,1295,1,575,0.444,0.333,3,985,0.761,1.0,3,1106,0.854,1.0,3,1251,0.966,1.0,3,1282,0.99,1.0,3,1293,0.998,1.0,3,1295,1.0,1.0
501,596,3,1298,0,575,0.443,0.0,0,985,0.759,0.0,1,1107,0.853,0.333,2,1253,0.965,0.667,2,1284,0.989,0.667,3,1296,0.998,1.0,3,1298,1.0,1.0
502,597,1,1299,0,575,0.443,0.0,0,985,0.758,0.0,1,1108,0.853,1.0,1,1254,0.965,1.0,1,1285,0.989,1.0,1,1297,0.998,1.0,1,1299,1.0,1.0
503,598,2,1301,1,576,0.443,0.5,1,986,0.758,0.5,1,1109,0.852,0.5,1,1255,0.965,0.5,1,1286,0.988,0.5,1,1298,0.998,0.5,2,1301,1.0,1.0
504,600,2,1303,0,576,0.442,0.0,1,987,0.757,0.5,1,1110,0.852,0.5,2,1257,0.965,1.0,2,1288,0.988,1.0,2,1300,0.998,1.0,2,1303,1.0,1.0
505,601,2,1305,0,576,0.441,0.0,1,988,0.757,0.5,1,1111,0.851,0.5,1,1258,0.964,0.5,1,1289,0.988,0.5,2,1302,0.998,1.0,2,1305,1.0,1.0
506,604,1,1306,0,576,0.441,0.0,1,989,0.757,1.0,1,1112,0.851,1.0,1,1259,0.964,1.0,1,1290,0.988,1.0,1,1303,0.998,1.0,1,1306,1.0,1.0
507,606,1,1307,0,576,0.441,0.0,1,990,0.757,1.0,1,1113,0.852,1.0,1,1260,0.964,1.0,1,1291,0.988,1.0,1,1304,0.998,1.0,1,1307,1.0,1.0
508,607,1,1308,0,576,0.44,0.0,0,990,0.757,0.0,0,1113,0.851,0.0,0,1260,0.963,0.0,0,1291,0.987,0.0,1,1305,0.998,1.0,1,1308,1.0,1.0
509,609,3,1311,1,577,0.44,0.333,1,991,0.756,0.333,2,1115,0.85,0.667,3,1263,0.963,1.0,3,1294,0.987,1.0,3,1308,0.998,1.0,3,1311,1.0,1.0
510,610,1,1312,0,577,0.44,0.0,0,991,0.755,0.0,0,1115,0.85,0.0,1,1264,0.963,1.0,1,1295,0.987,1.0,1,1309,0.998,1.0,1,1312,1.0,1.0
511,611,3,1315,2,579,0.44,0.667,2,993,0.755,0.667,2,1117,0.849,0.667,2,1266,0.963,0.667,3,1298,0.987,1.0,3,1312,0.998,1.0,3,1315,1.0,1.0
512,612,1,1316,0,579,0.44,0.0,0,993,0.755,0.0,1,1118,0.85,1.0,1,1267,0.963,1.0,1,1299,0.987,1.0,1,1313,0.998,1.0,1,1316,1.0,1.0
513,615,1,1317,0,579,0.44,0.0,1,994,0.755,1.0,1,1119,0.85,1.0,1,1268,0.963,1.0,1,1300,0.987,1.0,1,1314,0.998,1.0,1,1317,1.0,1.0
514,617,1,1318,0,579,0.439,0.0,0,994,0.754,0.0,0,1119,0.849,0.0,1,1269,0.963,1.0,1,1301,0.987,1.0,1,1315,0.998,1.0,1,1318,1.0,1.0
515,618,1,1319,0,579,0.439,0.0,1,995,0.754,1.0,1,1120,0.849,1.0,1,1270,0.963,1.0,1,1302,0.987,1.0,1,1316,0.998,1.0,1,1319,1.0,1.0
516,619,1,1320,0,579,0.439,0.0,0,995,0.754,0.0,0,1120,0.848,0.0,1,1271,0.963,1.0,1,1303,0.987,1.0,1,1317,0.998,1.0,1,1320,1.0,1.0
517,620,3,1323,0,579,0.438,0.0,2,997,0.754,0.667,3,1123,0.849,1.0,3,1274,0.963,1.0,3,1306,0.987,1.0,3,1320,0.998,1.0,3,1323,1.0,1.0
518,621,2,1325,0,579,0.437,0.0,0,997,0.752,0.0,0,1123,0.848,0.0,1,1275,0.962,0.5,2,1308,0.987,1.0,2,1322,0.998,1.0,2,1325,1.0,1.0
519,622,1,1326,0,579,0.437,0.0,0,997,0.752,0.0,1,1124,0.848,1.0,1,1276,0.962,1.0,1,1309,0.987,1.0,1,1323,0.998,1.0,1,1326,1.0,1.0
520,623,2,1328,0,579,0.436,0.0,0,997,0.751,0.0,2,1126,0.848,1.0,2,1278,0.962,1.0,2,1311,0.987,1.0,2,1325,0.998,1.0,2,1328,1.0,1.0
521,625,2,1330,0,579,0.435,0.0,1,998,0.75,0.5,1,1127,0.847,0.5,2,1280,0.962,1.0,2,1313,0.987,1.0,2,1327,0.998,1.0,2,1330,1.0,1.0
522,626,2,1332,1,580,0.435,0.5,1,999,0.75,0.5,1,1128,0.847,0.5,2,1282,0.962,1.0,2,1315,0.987,1.0,2,1329,0.998,1.0,2,1332,1.0,1.0
523,627,2,1334,0,580,0.435,0.0,0,999,0.749,0.0,0,1128,0.846,0.0,2,1284,0.963,1.0,2,1317,0.987,1.0,2,1331,0.998,1.0,2,1334,1.0,1.0
524,628,2,1336,0,580,0.434,0.0,1,1000,0.749,0.5,2,1130,0.846,1.0,2,1286,0.963,1.0,2,1319,0.987,1.0,2,1333,0.998,1.0,2,1336,1.0,1.0
525,632,3,1339,0,580,0.433,0.0,0,1000,0.747,0.0,0,1130,0.844,0.0,3,1289,0.963,1.0,3,1322,0.987,1.0,3,1336,0.998,1.0,3,1339,1.0,1.0
526,633,1,1340,0,580,0.433,0.0,0,1000,0.746,0.0,0,1130,0.843,0.0,1,1290,0.963,1.0,1,1323,0.987,1.0,1,1337,0.998,1.0,1,1340,1.0,1.0
527,636,1,1341,0,580,0.433,0.0,1,1001,0.746,1.0,1,1131,0.843,1.0,1,1291,0.963,1.0,1,1324,0.987,1.0,1,1338,0.998,1.0,1,1341,1.0,1.0
528,638,3,1344,1,581,0.432,0.333,1,1002,0.746,0.333,1,1132,0.842,0.333,3,1294,0.963,1.0,3,1327,0.987,1.0,3,1341,0.998,1.0,3,1344,1.0,1.0
529,639,2,1346,1,582,0.432,0.5,2,1004,0.746,1.0,2,1134,0.842,1.0,2,1296,0.963,1.0,2,1329,0.987,1.0,2,1343,0.998,1.0,2,1346,1.0,1.0
530,641,1,1347,1,583,0.433,1.0,1,1005,0.746,1.0,1,1135,0.843,1.0,1,1297,0.963,1.0,1,1330,0.987,1.0,1,1344,0.998,1.0,1,1347,1.0,1.0
531,642,1,1348,0,583,0.432,0.0,0,1005,0.746,0.0,0,1135,0.842,0.0,1,1298,0.963,1.0,1,1331,0.987,1.0,1,1345,0.998,1.0,1,1348,1.0,1.0
532,643,1,1349,0,583,0.432,0.0,0,1005,0.745,0.0,0,1135,0.841,0.0,1,1299,0.963,1.0,1,1332,0.987,1.0,1,1346,0.998,1.0,1,1349,1.0,1.0
533,647,1,1350,0,583,0.432,0.0,1,1006,0.745,1.0,1,1136,0.841,1.0,1,1300,0.963,1.0,1,1333,0.987,1.0,1,1347,0.998,1.0,1,1350,1.0,1.0
534,650,2,1352,0,583,0.431,0.0,0,1006,0.744,0.0,0,1136,0.84,0.0,0,1300,0.962,0.0,1,1334,0.987,0.5,1,1348,0.997,0.5,1,1351,0.999,0.5
535,652,1,1353,0,583,0.431,0.0,1,1007,0.744,1.0,1,1137,0.84,1.0,1,1301,0.962,1.0,1,1335,0.987,1.0,1,1349,0.997,1.0,1,1352,0.999,1.0
536,653,3,1356,0,583,0.43,0.0,0,1007,0.743,0.0,1,1138,0.839,0.333,2,1303,0.961,0.667,3,1338,0.987,1.0,3,1352,0.997,1.0,3,1355,0.999,1.0
537,654,1,1357,0,583,0.43,0.0,0,1007,0.742,0.0,1,1139,0.839,1.0,1,1304,0.961,1.0,1,1339,0.987,1.0,1,1353,0.997,1.0,1,1356,0.999,1.0
538,655,3,1360,1,584,0.429,0.333,2,1009,0.742,0.667,2,1141,0.839,0.667,3,1307,0.961,1.0,3,1342,0.987,1.0,3,1356,0.997,1.0,3,1359,0.999,1.0
539,656,1,1361,0,584,0.429,0.0,0,1009,0.741,0.0,0,1141,0.838,0.0,1,1308,0.961,1.0,1,1343,0.987,1.0,1,1357,0.997,1.0,1,1360,0.999,1.0
540,659,3,1364,0,584,0.428,0.0,1,1010,0.74,0.333,1,1142,0.837,0.333,2,1310,0.96,0.667,3,1346,0.987,1.0,3,1360,0.997,1.0,3,1363,0.999,1.0
541,660,2,1366,0,584,0.428,0.0,2,1012,0.741,1.0,2,1144,0.837,1.0,2,1312,0.96,1.0,2,1348,0.987,1.0,2,1362,0.997,1.0,2,1365,0.999,1.0
542,663,2,1368,1,585,0.428,0.5,1,1013,0.74,0.5,2,1146,0.838,1.0,2,1314,0.961,1.0,2,1350,0.987,1.0,2,1364,0.997,1.0,2,1367,0.999,1.0
543,664,2,1370,0,585,0.427,0.0,2,1015,0.741,1.0,2,1148,0.838,1.0,2,1316,0.961,1.0,2,1352,0.987,1.0,2,1366,0.997,1.0,2,1369,0.999,1.0
544,666,3,1373,1,586,0.427,0.333,2,1017,0.741,0.667,2,1150,0.838,0.667,3,1319,0.961,1.0,3,1355,0.987,1.0,3,1369,0.997,1.0,3,1372,0.999,1.0
545,668,3,1376,0,586,0.426,0.0,3,1020,0.741,1.0,3,1153,0.838,1.0,3,1322,0.961,1.0,3,1358,0.987,1.0,3,1372,0.997,1.0,3,1375,0.999,1.0
546,669,1,1377,1,587,0.426,1.0,1,1021,0.741,1.0,1,1154,0.838,1.0,1,1323,0.961,1.0,1,1359,0.987,1.0,1,1373,0.997,1.0,1,1376,0.999,1.0
547,671,1,1378,0,587,0.426,0.0,0,1021,0.741,0.0,1,1155,0.838,1.0,1,1324,0.961,1.0,1,1360,0.987,1.0,1,1374,0.997,1.0,1,1377,0.999,1.0
548,673,1,1379,0,587,0.426,0.0,1,1022,0.741,1.0,1,1156,0.838,1.0,1,1325,0.961,1.0,1,1361,0.987,1.0,1,1375,0.997,1.0,1,1378,0.999,1.0
549,674,1,1380,0,587,0.425,0.0,0,1022,0.741,0.0,0,1156,0.838,0.0,0,1325,0.96,0.0,1,1362,0.987,1.0,1,1376,0.997,1.0,1,1379,0.999,1.0
550,676,1,1381,0,587,0.425,0.0,0,1022,0.74,0.0,1,1157,0.838,1.0,1,1326,0.96,1.0,1,1363,0.987,1.0,1,1377,0.997,1.0,1,1380,0.999,1.0
551,678,2,1383,0,587,0.424,0.0,1,1023,0.74,0.5,2,1159,0.838,1.0,2,1328,0.96,1.0,2,1365,0.987,1.0,2,1379,0.997,1.0,2,1382,0.999,1.0
552,679,2,1385,0,587,0.424,0.0,1,1024,0.739,0.5,1,1160,0.838,0.5,1,1329,0.96,0.5,2,1367,0.987,1.0,2,1381,0.997,1.0,2,1384,0.999,1.0
553,680,2,1387,0,587,0.423,0.0,0,1024,0.738,0.0,0,1160,0.836,0.0,1,1330,0.959,0.5,2,1369,0.987,1.0,2,1383,0.997,1.0,2,1386,0.999,1.0
554,682,2,1389,0,587,0.423,0.0,1,1025,0.738,0.5,1,1161,0.836,0.5,2,1332,0.959,1.0,2,1371,0.987,1.0,2,1385,0.997,1.0,2,1388,0.999,1.0
555,685,1,1390,0,587,0.422,0.0,1,1026,0.738,1.0,1,1162,0.836,1.0,1,1333,0.959,1.0,1,1372,0.987,1.0,1,1386,0.997,1.0,1,1389,0.999,1.0
556,687,2,1392,0,587,0.422,0.0,0,1026,0.737,0.0,0,1162,0.835,0.0,1,1334,0.958,0.5,2,1374,0.987,1.0,2,1388,0.997,1.0,2,1391,0.999,1.0
557,689,1,1393,0,587,0.421,0.0,0,1026,0.737,0.0,1,1163,0.835,1.0,1,1335,0.958,1.0,1,1375,0.987,1.0,1,1389,0.997,1.0,1,1392,0.999,1.0
558,690,1,1394,0,587,0.421,0.0,0,1026,0.736,0.0,1,1164,0.835,1.0,1,1336,0.958,1.0,1,1376,0.987,1.0,1,1390,0.997,1.0,1,1393,0.999,1.0
559,691,1,1395,1,588,0.422,1.0,1,1027,0.736,1.0,1,1165,0.835,1.0,1,1337,0.958,1.0,1,1377,0.987,1.0,1,1391,0.997,1.0,1,1394,0.999,1.0
560,692,3,1398,0,588,0.421,0.0,1,1028,0.735,0.333,1,1166,0.834,0.333,2,1339,0.958,0.667,3,1380,0.987,1.0,3,1394,0.997,1.0,3,1397,0.999,1.0
561,695,1,1399,0,588,0.42,0.0,0,1028,0.735,0.0,1,1167,0.834,1.0,1,1340,0.958,1.0,1,1381,0.987,1.0,1,1395,0.997,1.0,1,1398,0.999,1.0
562,696,2,1401,0,588,0.42,0.0,1,1029,0.734,0.5,1,1168,0.834,0.5,2,1342,0.958,1.0,2,1383,0.987,1.0,2,1397,0.997,1.0,2,1400,0.999,1.0
563,698,2,1403,0,588,0.419,0.0,1,1030,0.734,0.5,2,1170,0.834,1.0,2,1344,0.958,1.0,2,1385,0.987,1.0,2,1399,0.997,1.0,2,1402,0.999,1.0
564,699,1,1404,0,588,0.419,0.0,0,1030,0.734,0.0,0,1170,0.833,0.0,0,1344,0.957,0.0,0,1385,0.986,0.0,0,1399,0.996,0.0,0,1402,0.999,0.0
565,702,2,1406,0,588,0.418,0.0,2,1032,0.734,1.0,2,1172,0.834,1.0,2,1346,0.957,1.0,2,1387,0.986,1.0,2,1401,0.996,1.0,2,1404,0.999,1.0
566,703,2,1408,0,588,0.418,0.0,0,1032,0.733,0.0,1,1173,0.833,0.5,2,1348,0.957,1.0,2,1389,0.987,1.0,2,1403,0.996,1.0,2,1406,0.999,1.0
567,704,3,1411,2,590,0.418,0.667,3,1035,0.734,1.0,3,1176,0.833,1.0,3,1351,0.957,1.0,3,1392,0.987,1.0,3,1406,0.996,1.0,3,1409,0.999,1.0
568,706,1,1412,0,590,0.418,0.0,0,1035,0.733,0.0,0,1176,0.833,0.0,1,1352,0.958,1.0,1,1393,0.987,1.0,1,1407,0.996,1.0,1,1410,0.999,1.0
569,707,2,1414,0,590,0.417,0.0,2,1037,0.733,1.0,2,1178,0.833,1.0,2,1354,0.958,1.0,2,1395,0.987,1.0,2,1409,0.996,1.0,2,1412,0.999,1.0
570,708,2,1416,0,590,0.417,0.0,2,1039,0.734,1.0,2,1180,0.833,1.0,2,1356,0.958,1.0,2,1397,0.987,1.0,2,1411,0.996,1.0,2,1414,0.999,1.0
571,709,1,1417,1,591,0.417,1.0,1,1040,0.734,1.0,1,1181,0.833,1.0,1,1357,0.958,1.0,1,1398,0.987,1.0,1,1412,0.996,1.0,1,1415,0.999,1.0
572,711,1,1418,0,591,0.417,0.0,0,1040,0.733,0.0,0,1181,0.833,0.0,0,1357,0.957,0.0,1,1399,0.987,1.0,1,1413,0.996,1.0,1,1416,0.999,1.0
573,712,2,1420,1,592,0.417,0.5,2,1042,0.734,1.0,2,1183,0.833,1.0,2,1359,0.957,1.0,2,1401,0.987,1.0,2,1415,0.996,1.0,2,1418,0.999,1.0
574,713,1,1421,0,592,0.417,0.0,0,1042,0.733,0.0,0,1183,0.833,0.0,1,1360,0.957,1.0,1,1402,0.987,1.0,1,1416,0.996,1.0,1,1419,0.999,1.0
575,714,1,1422,1,593,0.417,1.0,1,1043,0.733,1.0,1,1184,0.833,1.0,1,1361,0.957,1.0,1,1403,0.987,1.0,1,1417,0.996,1.0,1,1420,0.999,1.0
576,715,1,1423,0,593,0.417,0.0,1,1044,0.734,1.0,1,1185,0.833,1.0,1,1362,0.957,1.0,1,1404,0.987,1.0,1,1418,0.996,1.0,1,1421,0.999,1.0
577,717,2,1425,0,593,0.416,0.0,0,1044,0.733,0.0,1,1186,0.832,0.5,2,1364,0.957,1.0,2,1406,0.987,1.0,2,1420,0.996,1.0,2,1423,0.999,1.0
578,720,3,1428,0,593,0.415,0.0,0,1044,0.731,0.0,1,1187,0.831,0.333,3,1367,0.957,1.0,3,1409,0.987,1.0,3,1423,0.996,1.0,3,1426,0.999,1.0
579,721,3,1431,0,593,0.414,0.0,2,1046,0.731,0.667,3,1190,0.832,1.0,3,1370,0.957,1.0,3,1412,0.987,1.0,3,1426,0.997,1.0,3,1429,0.999,1.0
580,722,1,1432,0,593,0.414,0.0,0,1046,0.73,0.0,0,1190,0.831,0.0,1,1371,0.957,1.0,1,1413,0.987,1.0,1,1427,0.997,1.0,1,1430,0.999,1.0
581,724,2,1434,0,593,0.414,0.0,1,1047,0.73,0.5,1,1191,0.831,0.5,2,1373,0.957,1.0,2,1415,0.987,1.0,2,1429,0.997,1.0,2,1432,0.999,1.0
582,725,1,1435,0,593,0.413,0.0,0,1047,0.73,0.0,0,1191,0.83,0.0,1,1374,0.957,1.0,1,1416,0.987,1.0,1,1430,0.997,1.0,1,1433,0.999,1.0
583,726,2,1437,0,593,0.413,0.0,2,1049,0.73,1.0,2,1193,0.83,1.0,2,1376,0.958,1.0,2,1418,0.987,1.0,2,1432,0.997,1.0,2,1435,0.999,1.0
584,729,1,1438,0,593,0.412,0.0,1,1050,0.73,1.0,1,1194,0.83,1.0,1,1377,0.958,1.0,1,1419,0.987,1.0,1,1433,0.997,1.0,1,1436,0.999,1.0
585,730,2,1440,0,593,0.412,0.0,1,1051,0.73,0.5,1,1195,0.83,0.5,2,1379,0.958,1.0,2,1421,0.987,1.0,2,1435,0.997,1.0,2,1438,0.999,1.0
586,731,1,1441,0,593,0.412,0.0,1,1052,0.73,1.0,1,1196,0.83,1.0,1,1380,0.958,1.0,1,1422,0.987,1.0,1,1436,0.997,1.0,1,1439,0.999,1.0
587,732,1,1442,0,593,0.411,0.0,0,1052,0.73,0.0,0,1196,0.829,0.0,1,1381,0.958,1.0,1,1423,0.987,1.0,1,1437,0.997,1.0,1,1440,0.999,1.0
588,733,2,1444,1,594,0.411,0.5,1,1053,0.729,0.5,1,1197,0.829,0.5,2,1383,0.958,1.0,2,1425,0.987,1.0,2,1439,0.997,1.0,2,1442,0.999,1.0
589,734,1,1445,0,594,0.411,0.0,0,1053,0.729,0.0,0,1197,0.828,0.0,0,1383,0.957,0.0,1,1426,0.987,1.0,1,1440,0.997,1.0,1,1443,0.999,1.0
590,735,1,1446,1,595,0.411,1.0,1,1054,0.729,1.0,1,1198,0.828,1.0,1,1384,0.957,1.0,1,1427,0.987,1.0,1,1441,0.997,1.0,1,1444,0.999,1.0
591,739,1,1447,0,595,0.411,0.0,0,1054,0.728,0.0,0,1198,0.828,0.0,1,1385,0.957,1.0,1,1428,0.987,1.0,1,1442,0.997,1.0,1,1445,0.999,1.0
592,740,1,1448,0,595,0.411,0.0,1,1055,0.729,1.0,1,1199,0.828,1.0,1,1386,0.957,1.0,1,1429,0.987,1.0,1,1443,0.997,1.0,1,1446,0.999,1.0
593,741,1,1449,1,596,0.411,1.0,1,1056,0.729,1.0,1,1200,0.828,1.0,1,1387,0.957,1.0,1,1430,0.987,1.0,1,1444,0.997,1.0,1,1447,0.999,1.0
594,742,1,1450,0,596,0.411,0.0,0,1056,0.728,0.0,1,1201,0.828,1.0,1,1388,0.957,1.0,1,1431,0.987,1.0,1,1445,0.997,1.0,1,1448,0.999,1.0
595,744,1,1451,0,596,0.411,0.0,0,1056,0.728,0.0,0,1201,0.828,0.0,1,1389,0.957,1.0,1,1432,0.987,1.0,1,1446,0.997,1.0,1,1449,0.999,1.0
596,745,2,1453,0,596,0.41,0.0,1,1057,0.727,0.5,1,1202,0.827,0.5,1,1390,0.957,0.5,2,1434,0.987,1.0,2,1448,0.997,1.0,2,1451,0.999,1.0
597,746,2,1455,0,596,0.41,0.0,2,1059,0.728,1.0,2,1204,0.827,1.0,2,1392,0.957,1.0,2,1436,0.987,1.0,2,1450,0.997,1.0,2,1453,0.999,1.0
598,747,1,1456,0,596,0.409,0.0,1,1060,0.728,1.0,1,1205,0.828,1.0,1,1393,0.957,1.0,1,1437,0.987,1.0,1,1451,0.997,1.0,1,1454,0.999,1.0
599,748,2,1458,1,597,0.409,0.5,2,1062,0.728,1.0,2,1207,0.828,1.0,2,1395,0.957,1.0,2,1439,0.987,1.0,2,1453,0.997,1.0,2,1456,0.999,1.0
600,749,1,1459,0,597,0.409,0.0,1,1063,0.729,1.0,1,1208,0.828,1.0,1,1396,0.957,1.0,1,1440,0.987,1.0,1,1454,0.997,1.0,1,1457,0.999,1.0
601,750,2,1461,0,597,0.409,0.0,0,1063,0.728,0.0,0,1208,0.827,0.0,2,1398,0.957,1.0,2,1442,0.987,1.0,2,1456,0.997,1.0,2,1459,0.999,1.0
602,751,1,1462,0,597,0.408,0.0,0,1063,0.727,0.0,0,1208,0.826,0.0,1,1399,0.957,1.0,1,1443,0.987,1.0,1,1457,0.997,1.0,1,1460,0.999,1.0
603,752,1,1463,0,597,0.408,0.0,1,1064,0.727,1.0,1,1209,0.826,1.0,1,1400,0.957,1.0,1,1444,0.987,1.0,1,1458,0.997,1.0,1,1461,0.999,1.0
604,753,2,1465,0,597,0.408,0.0,0,1064,0.726,0.0,0,1209,0.825,0.0,1,1401,0.956,0.5,2,1446,0.987,1.0,2,1460,0.997,1.0,2,1463,0.999,1.0
605,754,1,1466,0,597,0.407,0.0,0,1064,0.726,0.0,0,1209,0.825,0.0,0,1401,0.956,0.0,1,1447,0.987,1.0,1,1461,0.997,1.0,1,1464,0.999,1.0
606,757,2,1468,0,597,0.407,0.0,0,1064,0.725,0.0,0,1209,0.824,0.0,0,1401,0.954,0.0,1,1448,0.986,0.5,1,1462,0.996,0.5,1,1465,0.998,0.5
607,761,1,1469,0,597,0.406,0.0,1,1065,0.725,1.0,1,1210,0.824,1.0,1,1402,0.954,1.0,1,1449,0.986,1.0,1,1463,0.996,1.0,1,1466,0.998,1.0
608,763,1,1470,1,598,0.407,1.0,1,1066,0.725,1.0,1,1211,0.824,1.0,1,1403,0.954,1.0,1,1450,0.986,1.0,1,1464,0.996,1.0,1,1467,0.998,1.0
609,766,1,1471,0,598,0.407,0.0,1,1067,0.725,1.0,1,1212,0.824,1.0,1,1404,0.954,1.0,1,1451,0.986,1.0,1,1465,0.996,1.0,1,1468,0.998,1.0
610,769,1,1472,0,598,0.406,0.0,0,1067,0.725,0.0,0,1212,0.823,0.0,1,1405,0.954,1.0,1,1452,0.986,1.0,1,1466,0.996,1.0,1,1469,0.998,1.0
611,770,1,1473,0,598,0.406,0.0,0,1067,0.724,0.0,0,1212,0.823,0.0,0,1405,0.954,0.0,0,1452,0.986,0.0,0,1466,0.995,0.0,1,1470,0.998,1.0
612,771,1,1474,0,598,0.406,0.0,0,1067,0.724,0.0,1,1213,0.823,1.0,1,1406,0.954,1.0,1,1453,0.986,1.0,1,1467,0.995,1.0,1,1471,0.998,1.0
613,773,4,1478,0,598,0.405,0.0,1,1068,0.723,0.25,1,1214,0.821,0.25,3,1409,0.953,0.75,4,1457,0.986,1.0,4,1471,0.995,1.0,4,1475,0.998,1.0
614,779,1,1479,0,598,0.404,0.0,1,1069,0.723,1.0,1,1215,0.822,1.0,1,1410,0.953,1.0,1,1458,0.986,1.0,1,1472,0.995,1.0,1,1476,0.998,1.0
615,780,1,1480,0,598,0.404,0.0,0,1069,0.722,0.0,0,1215,0.821,0.0,0,1410,0.953,0.0,1,1459,0.986,1.0,1,1473,0.995,1.0,1,1477,0.998,1.0
616,781,2,1482,0,598,0.404,0.0,1,1070,0.722,0.5,1,1216,0.821,0.5,1,1411,0.952,0.5,2,1461,0.986,1.0,2,1475,0.995,1.0,2,1479,0.998,1.0
617,784,1,1483,0,598,0.403,0.0,0,1070,0.722,0.0,0,1216,0.82,0.0,1,1412,0.952,1.0,1,1462,0.986,1.0,1,1476,0.995,1.0,1,1480,0.998,1.0
618,788,1,1484,0,598,0.403,0.0,1,1071,0.722,1.0,1,1217,0.82,1.0,1,1413,0.952,1.0,1,1463,0.986,1.0,1,1477,0.995,1.0,1,1481,0.998,1.0
619,790,3,1487,0,598,0.402,0.0,0,1071,0.72,0.0,1,1218,0.819,0.333,2,1415,0.952,0.667,2,1465,0.985,0.667,2,1479,0.995,0.667,3,1484,0.998,1.0
620,791,1,1488,0,598,0.402,0.0,0,1071,0.72,0.0,0,1218,0.819,0.0,0,1415,0.951,0.0,1,1466,0.985,1.0,1,1480,0.995,1.0,1,1485,0.998,1.0
621,792,1,1489,0,598,0.402,0.0,1,1072,0.72,1.0,1,1219,0.819,1.0,1,1416,0.951,1.0,1,1467,0.985,1.0,1,1481,0.995,1.0,1,1486,0.998,1.0
622,793,1,1490,1,599,0.402,1.0,1,1073,0.72,1.0,1,1220,0.819,1.0,1,1417,0.951,1.0,1,1468,0.985,1.0,1,1482,0.995,1.0,1,1487,0.998,1.0
623,794,1,1491,0,599,0.402,0.0,0,1073,0.72,0.0,0,1220,0.818,0.0,1,1418,0.951,1.0,1,1469,0.985,1.0,1,1483,0.995,1.0,1,1488,0.998,1.0
624,795,1,1492,0,599,0.401,0.0,0,1073,0.719,0.0,0,1220,0.818,0.0,1,1419,0.951,1.0,1,1470,0.985,1.0,1,1484,0.995,1.0,1,1489,0.998,1.0
625,796,1,1493,0,599,0.401,0.0,1,1074,0.719,1.0,1,1221,0.818,1.0,1,1420,0.951,1.0,1,1471,0.985,1.0,1,1485,0.995,1.0,1,1490,0.998,1.0
626,798,1,1494,0,599,0.401,0.0,0,1074,0.719,0.0,0,1221,0.817,0.0,1,1421,0.951,1.0,1,1472,0.985,1.0,1,1486,0.995,1.0,1,1491,0.998,1.0
627,799,1,1495,0,599,0.401,0.0,0,1074,0.718,0.0,0,1221,0.817,0.0,0,1421,0.951,0.0,0,1472,0.985,0.0,1,1487,0.995,1.0,1,1492,0.998,1.0
628,803,1,1496,0,599,0.4,0.0,0,1074,0.718,0.0,0,1221,0.816,0.0,1,1422,0.951,1.0,1,1473,0.985,1.0,1,1488,0.995,1.0,1,1493,0.998,1.0
629,804,1,1497,0,599,0.4,0.0,0,1074,0.717,0.0,1,1222,0.816,1.0,1,1423,0.951,1.0,1,1474,0.985,1.0,1,1489,0.995,1.0,1,1494,0.998,1.0
630,806,1,1498,0,599,0.4,0.0,0,1074,0.717,0.0,0,1222,0.816,0.0,1,1424,0.951,1.0,1,1475,0.985,1.0,1,1490,0.995,1.0,1,1495,0.998,1.0
631,807,1,1499,0,599,0.4,0.0,1,1075,0.717,1.0,1,1223,0.816,1.0,1,1425,0.951,1.0,1,1476,0.985,1.0,1,1491,0.995,1.0,1,1496,0.998,1.0
632,811,1,1500,0,599,0.399,0.0,0,1075,0.717,0.0,0,1223,0.815,0.0,0,1425,0.95,0.0,1,1477,0.985,1.0,1,1492,0.995,1.0,1,1497,0.998,1.0
633,812,2,1502,0,599,0.399,0.0,1,1076,0.716,0.5,2,1225,0.816,1.0,2,1427,0.95,1.0,2,1479,0.985,1.0,2,1494,0.995,1.0,2,1499,0.998,1.0
634,813,1,1503,0,599,0.399,0.0,1,1077,0.717,1.0,1,1226,0.816,1.0,1,1428,0.95,1.0,1,1480,0.985,1.0,1,1495,0.995,1.0,1,1500,0.998,1.0
635,821,1,1504,1,600,0.399,1.0,1,1078,0.717,1.0,1,1227,0.816,1.0,1,1429,0.95,1.0,1,1481,0.985,1.0,1,1496,0.995,1.0,1,1501,0.998,1.0
636,822,2,1506,0,600,0.398,0.0,1,1079,0.716,0.5,2,1229,0.816,1.0,2,1431,0.95,1.0,2,1483,0.985,1.0,2,1498,0.995,1.0,2,1503,0.998,1.0
637,824,2,1508,0,600,0.398,0.0,0,1079,0.716,0.0,0,1229,0.815,0.0,2,1433,0.95,1.0,2,1485,0.985,1.0,2,1500,0.995,1.0,2,1505,0.998,1.0
638,829,2,1510,1,601,0.398,0.5,1,1080,0.715,0.5,1,1230,0.815,0.5,1,1434,0.95,0.5,1,1486,0.984,0.5,2,1502,0.995,1.0,2,1507,0.998,1.0
639,832,1,1511,0,601,0.398,0.0,0,1080,0.715,0.0,0,1230,0.814,0.0,1,1435,0.95,1.0,1,1487,0.984,1.0,1,1503,0.995,1.0,1,1508,0.998,1.0
640,833,2,1513,0,601,0.397,0.0,1,1081,0.714,0.5,1,1231,0.814,0.5,1,1436,0.949,0.5,2,1489,0.984,1.0,2,1505,0.995,1.0,2,1510,0.998,1.0
641,835,1,1514,0,601,0.397,0.0,0,1081,0.714,0.0,0,1231,0.813,0.0,0,1436,0.948,0.0,0,1489,0.983,0.0,0,1505,0.994,0.0,1,1511,0.998,1.0
642,837,1,1515,0,601,0.397,0.0,0,1081,0.714,0.0,0,1231,0.813,0.0,0,1436,0.948,0.0,1,1490,0.983,1.0,1,1506,0.994,1.0,1,1512,0.998,1.0
643,838,2,1517,0,601,0.396,0.0,1,1082,0.713,0.5,1,1232,0.812,0.5,2,1438,0.948,1.0,2,1492,0.984,1.0,2,1508,0.994,1.0,2,1514,0.998,1.0
644,845,1,1518,0,601,0.396,0.0,0,1082,0.713,0.0,0,1232,0.812,0.0,1,1439,0.948,1.0,1,1493,0.984,1.0,1,1509,0.994,1.0,1,1515,0.998,1.0
645,846,1,1519,0,601,0.396,0.0,0,1082,0.712,0.0,0,1232,0.811,0.0,0,1439,0.947,0.0,1,1494,0.984,1.0,1,1510,0.994,1.0,1,1516,0.998,1.0
646,849,2,1521,0,601,0.395,0.0,1,1083,0.712,0.5,1,1233,0.811,0.5,2,1441,0.947,1.0,2,1496,0.984,1.0,2,1512,0.994,1.0,2,1518,0.998,1.0
647,856,3,1524,1,602,0.395,0.333,2,1085,0.712,0.667,2,1235,0.81,0.667,3,1444,0.948,1.0,3,1499,0.984,1.0,3,1515,0.994,1.0,3,1521,0.998,1.0
648,858,2,1526,0,602,0.394,0.0,0,1085,0.711,0.0,2,1237,0.811,1.0,2,1446,0.948,1.0,2,1501,0.984,1.0,2,1517,0.994,1.0,2,1523,0.998,1.0
649,864,2,1528,1,603,0.395,0.5,1,1086,0.711,0.5,1,1238,0.81,0.5,2,1448,0.948,1.0,2,1503,0.984,1.0,2,1519,0.994,1.0,2,1525,0.998,1.0
650,867,2,1530,0,603,0.394,0.0,0,1086,0.71,0.0,0,1238,0.809,0.0,2,1450,0.948,1.0,2,1505,0.984,1.0,2,1521,0.994,1.0,2,1527,0.998,1.0
651,870,1,1531,0,603,0.394,0.0,0,1086,0.709,0.0,0,1238,0.809,0.0,1,1451,0.948,1.0,1,1506,0.984,1.0,1,1522,0.994,1.0,1,1528,0.998,1.0
652,871,1,1532,0,603,0.394,0.0,0,1086,0.709,0.0,0,1238,0.808,0.0,0,1451,0.947,0.0,0,1506,0.983,0.0,1,1523,0.994,1.0,1,1529,0.998,1.0
653,872,1,1533,0,603,0.393,0.0,0,1086,0.708,0.0,0,1238,0.808,0.0,1,1452,0.947,1.0,1,1507,0.983,1.0,1,1524,0.994,1.0,1,1530,0.998,1.0
654,874,1,1534,0,603,0.393,0.0,0,1086,0.708,0.0,0,1238,0.807,0.0,0,1452,0.947,0.0,1,1508,0.983,1.0,1,1525,0.994,1.0,1,1531,0.998,1.0
655,875,1,1535,0,603,0.393,0.0,0,1086,0.707,0.0,1,1239,0.807,1.0,1,1453,0.947,1.0,1,1509,0.983,1.0,1,1526,0.994,1.0,1,1532,0.998,1.0
656,876,1,1536,0,603,0.393,0.0,0,1086,0.707,0.0,0,1239,0.807,0.0,1,1454,0.947,1.0,1,1510,0.983,1.0,1,1527,0.994,1.0,1,1533,0.998,1.0
657,877,1,1537,0,603,0.392,0.0,0,1086,0.707,0.0,0,1239,0.806,0.0,1,1455,0.947,1.0,1,1511,0.983,1.0,1,1528,0.994,1.0,1,1534,0.998,1.0
658,878,1,1538,0,603,0.392,0.0,0,1086,0.706,0.0,1,1240,0.806,1.0,1,1456,0.947,1.0,1,1512,0.983,1.0,1,1529,0.994,1.0,1,1535,0.998,1.0
659,880,1,1539,0,603,0.392,0.0,0,1086,0.706,0.0,0,1240,0.806,0.0,0,1456,0.946,0.0,1,1513,0.983,1.0,1,1530,0.994,1.0,1,1536,0.998,1.0
660,881,1,1540,0,603,0.392,0.0,1,1087,0.706,1.0,1,1241,0.806,1.0,1,1457,0.946,1.0,1,1514,0.983,1.0,1,1531,0.994,1.0,1,1537,0.998,1.0
661,883,1,1541,0,603,0.391,0.0,1,1088,0.706,1.0,1,1242,0.806,1.0,1,1458,0.946,1.0,1,1515,0.983,1.0,1,1532,0.994,1.0,1,1538,0.998,1.0
662,885,2,1543,0,603,0.391,0.0,0,1088,0.705,0.0,0,1242,0.805,0.0,1,1459,0.946,0.5,2,1517,0.983,1.0,2,1534,0.994,1.0,2,1540,0.998,1.0
663,886,1,1544,0,603,0.391,0.0,0,1088,0.705,0.0,1,1243,0.805,1.0,1,1460,0.946,1.0,1,1518,0.983,1.0,1,1535,0.994,1.0,1,1541,0.998,1.0
664,887,2,1546,0,603,0.39,0.0,0,1088,0.704,0.0,1,1244,0.805,0.5,1,1461,0.945,0.5,1,1519,0.983,0.5,2,1537,0.994,1.0,2,1543,0.998,1.0
665,889,1,1547,0,603,0.39,0.0,0,1088,0.703,0.0,1,1245,0.805,1.0,1,1462,0.945,1.0,1,1520,0.983,1.0,1,1538,0.994,1.0,1,1544,0.998,1.0
666,894,1,1548,0,603,0.39,0.0,0,1088,0.703,0.0,0,1245,0.804,0.0,1,1463,0.945,1.0,1,1521,0.983,1.0,1,1539,0.994,1.0,1,1545,0.998,1.0
667,897,3,1551,0,603,0.389,0.0,0,1088,0.701,0.0,1,1246,0.803,0.333,2,1465,0.945,0.667,2,1523,0.982,0.667,3,1542,0.994,1.0,3,1548,0.998,1.0
668,898,1,1552,0,603,0.389,0.0,0,1088,0.701,0.0,0,1246,0.803,0.0,1,1466,0.945,1.0,1,1524,0.982,1.0,1,1543,0.994,1.0,1,1549,0.998,1.0
669,900,1,1553,0,603,0.388,0.0,0,1088,0.701,0.0,0,1246,0.802,0.0,0,1466,0.944,0.0,0,1524,0.981,0.0,0,1543,0.994,0.0,0,1549,0.997,0.0
670,901,1,1554,1,604,0.389,1.0,1,1089,0.701,1.0,1,1247,0.802,1.0,1,1467,0.944,1.0,1,1525,0.981,1.0,1,1544,0.994,1.0,1,1550,0.997,1.0
671,903,1,1555,0,604,0.388,0.0,1,1090,0.701,1.0,1,1248,0.803,1.0,1,1468,0.944,1.0,1,1526,0.981,1.0,1,1545,0.994,1.0,1,1551,0.997,1.0
672,904,3,1558,0,604,0.388,0.0,2,1092,0.701,0.667,2,1250,0.802,0.667,3,1471,0.944,1.0,3,1529,0.981,1.0,3,1548,0.994,1.0,3,1554,0.997,1.0
673,905,1,1559,0,604,0.387,0.0,0,1092,0.7,0.0,1,1251,0.802,1.0,1,1472,0.944,1.0,1,1530,0.981,1.0,1,1549,0.994,1.0,1,1555,0.997,1.0
674,907,1,1560,0,604,0.387,0.0,1,1093,0.701,1.0,1,1252,0.803,1.0,1,1473,0.944,1.0,1,1531,0.981,1.0,1,1550,0.994,1.0,1,1556,0.997,1.0
675,908,1,1561,0,604,0.387,0.0,0,1093,0.7,0.0,0,1252,0.802,0.0,1,1474,0.944,1.0,1,1532,0.981,1.0,1,1551,0.994,1.0,1,1557,0.997,1.0
676,910,1,1562,0,604,0.387,0.0,0,1093,0.7,0.0,0,1252,0.802,0.0,0,1474,0.944,0.0,1,1533,0.981,1.0,1,1552,0.994,1.0,1,1558,0.997,1.0
677,911,1,1563,0,604,0.386,0.0,0,1093,0.699,0.0,0,1252,0.801,0.0,1,1475,0.944,1.0,1,1534,0.981,1.0,1,1553,0.994,1.0,1,1559,0.997,1.0
678,912,1,1564,0,604,0.386,0.0,0,1093,0.699,0.0,0,1252,0.801,0.0,0,1475,0.943,0.0,1,1535,0.981,1.0,1,1554,0.994,1.0,1,1560,0.997,1.0
679,914,1,1565,0,604,0.386,0.0,0,1093,0.698,0.0,0,1252,0.8,0.0,1,1476,0.943,1.0,1,1536,0.981,1.0,1,1555,0.994,1.0,1,1561,0.997,1.0
680,916,1,1566,0,604,0.386,0.0,0,1093,0.698,0.0,0,1252,0.799,0.0,0,1476,0.943,0.0,1,1537,0.981,1.0,1,1556,0.994,1.0,1,1562,0.997,1.0
681,918,2,1568,0,604,0.385,0.0,1,1094,0.698,0.5,1,1253,0.799,0.5,2,1478,0.943,1.0,2,1539,0.982,1.0,2,1558,0.994,1.0,2,1564,0.997,1.0
682,919,1,1569,0,604,0.385,0.0,0,1094,0.697,0.0,0,1253,0.799,0.0,0,1478,0.942,0.0,1,1540,0.982,1.0,1,1559,0.994,1.0,1,1565,0.997,1.0
683,920,1,1570,0,604,0.385,0.0,0,1094,0.697,0.0,1,1254,0.799,1.0,1,1479,0.942,1.0,1,1541,0.982,1.0,1,1560,0.994,1.0,1,1566,0.997,1.0
684,922,1,1571,0,604,0.384,0.0,1,1095,0.697,1.0,1,1255,0.799,1.0,1,1480,0.942,1.0,1,1542,0.982,1.0,1,1561,0.994,1.0,1,1567,0.997,1.0
685,923,1,1572,0,604,0.384,0.0,0,1095,0.697,0.0,0,1255,0.798,0.0,0,1480,0.941,0.0,1,1543,0.982,1.0,1,1562,0.994,1.0,1,1568,0.997,1.0
686,924,1,1573,0,604,0.384,0.0,0,1095,0.696,0.0,0,1255,0.798,0.0,1,1481,0.942,1.0,1,1544,0.982,1.0,1,1563,0.994,1.0,1,1569,0.997,1.0
687,925,1,1574,0,604,0.384,0.0,0,1095,0.696,0.0,0,1255,0.797,0.0,0,1481,0.941,0.0,0,1544,0.981,0.0,1,1564,0.994,1.0,1,1570,0.997,1.0
688,926,2,1576,0,604,0.383,0.0,0,1095,0.695,0.0,0,1255,0.796,0.0,1,1482,0.94,0.5,1,1545,0.98,0.5,2,1566,0.994,1.0,2,1572,0.997,1.0
689,928,5,1581,1,605,0.383,0.2,3,1098,0.694,0.6,4,1259,0.796,0.8,5,1487,0.941,1.0,5,1550,0.98,1.0,5,1571,0.994,1.0,5,1577,0.997,1.0
690,930,1,1582,0,605,0.382,0.0,0,1098,0.694,0.0,1,1260,0.796,1.0,1,1488,0.941,1.0,1,1551,0.98,1.0,1,1572,0.994,1.0,1,1578,0.997,1.0
691,932,2,1584,0,605,0.382,0.0,2,1100,0.694,1.0,2,1262,0.797,1.0,2,1490,0.941,1.0,2,1553,0.98,1.0,2,1574,0.994,1.0,2,1580,0.997,1.0
692,933,1,1585,0,605,0.382,0.0,0,1100,0.694,0.0,1,1263,0.797,1.0,1,1491,0.941,1.0,1,1554,0.98,1.0,1,1575,0.994,1.0,1,1581,0.997,1.0
693,934,1,1586,0,605,0.381,0.0,1,1101,0.694,1.0,1,1264,0.797,1.0,1,1492,0.941,1.0,1,1555,0.98,1.0,1,1576,0.994,1.0,1,1582,0.997,1.0
694,935,1,1587,0,605,0.381,0.0,0,1101,0.694,0.0,0,1264,0.796,0.0,0,1492,0.94,0.0,0,1555,0.98,0.0,0,1576,0.993,0.0,1,1583,0.997,1.0
695,938,2,1589,0,605,0.381,0.0,0,1101,0.693,0.0,0,1264,0.795,0.0,1,1493,0.94,0.5,2,1557,0.98,1.0,2,1578,0.993,1.0,2,1585,0.997,1.0
696,943,2,1591,0,605,0.38,0.0,2,1103,0.693,1.0,2,1266,0.796,1.0,2,1495,0.94,1.0,2,1559,0.98,1.0,2,1580,0.993,1.0,2,1587,0.997,1.0
697,950,1,1592,0,605,0.38,0.0,0,1103,0.693,0.0,0,1266,0.795,0.0,0,1495,0.939,0.0,1,1560,0.98,1.0,1,1581,0.993,1.0,1,1588,0.997,1.0
698,951,3,1595,0,605,0.379,0.0,1,1104,0.692,0.333,1,1267,0.794,0.333,2,1497,0.939,0.667,2,1562,0.979,0.667,3,1584,0.993,1.0,3,1591,0.997,1.0
699,952,1,1596,0,605,0.379,0.0,0,1104,0.692,0.0,1,1268,0.794,1.0,1,1498,0.939,1.0,1,1563,0.979,1.0,1,1585,0.993,1.0,1,1592,0.997,1.0
700,954,1,1597,0,605,0.379,0.0,0,1104,0.691,0.0,0,1268,0.794,0.0,0,1498,0.938,0.0,1,1564,0.979,1.0,1,1586,0.993,1.0,1,1593,0.997,1.0
701,955,1,1598,0,605,0.379,0.0,0,1104,0.691,0.0,0,1268,0.793,0.0,0,1498,0.937,0.0,0,1564,0.979,0.0,1,1587,0.993,1.0,1,1594,0.997,1.0
702,962,2,1600,0,605,0.378,0.0,0,1104,0.69,0.0,1,1269,0.793,0.5,2,1500,0.938,1.0,2,1566,0.979,1.0,2,1589,0.993,1.0,2,1596,0.998,1.0
703,963,2,1602,0,605,0.378,0.0,0,1104,0.689,0.0,0,1269,0.792,0.0,1,1501,0.937,0.5,2,1568,0.979,1.0,2,1591,0.993,1.0,2,1598,0.998,1.0
704,967,1,1603,0,605,0.377,0.0,0,1104,0.689,0.0,0,1269,0.792,0.0,1,1502,0.937,1.0,1,1569,0.979,1.0,1,1592,0.993,1.0,1,1599,0.998,1.0
705,968,1,1604,0,605,0.377,0.0,0,1104,0.688,0.0,0,1269,0.791,0.0,0,1502,0.936,0.0,0,1569,0.978,0.0,1,1593,0.993,1.0,1,1600,0.998,1.0
706,970,1,1605,0,605,0.377,0.0,0,1104,0.688,0.0,0,1269,0.791,0.0,1,1503,0.936,1.0,1,1570,0.978,1.0,1,1594,0.993,1.0,1,1601,0.998,1.0
707,971,1,1606,0,605,0.377,0.0,0,1104,0.687,0.0,0,1269,0.79,0.0,0,1503,0.936,0.0,0,1570,0.978,0.0,0,1594,0.993,0.0,0,1601,0.997,0.0
708,972,1,1607,0,605,0.376,0.0,1,1105,0.688,1.0,1,1270,0.79,1.0,1,1504,0.936,1.0,1,1571,0.978,1.0,1,1595,0.993,1.0,1,1602,0.997,1.0
709,974,1,1608,0,605,0.376,0.0,0,1105,0.687,0.0,0,1270,0.79,0.0,0,1504,0.935,0.0,1,1572,0.978,1.0,1,1596,0.993,1.0,1,1603,0.997,1.0
710,979,1,1609,0,605,0.376,0.0,0,1105,0.687,0.0,0,1270,0.789,0.0,0,1504,0.935,0.0,0,1572,0.977,0.0,1,1597,0.993,1.0,1,1604,0.997,1.0
711,981,1,1610,0,605,0.376,0.0,0,1105,0.686,0.0,0,1270,0.789,0.0,1,1505,0.935,1.0,1,1573,0.977,1.0,1,1598,0.993,1.0,1,1605,0.997,1.0
712,984,1,1611,0,605,0.376,0.0,0,1105,0.686,0.0,0,1270,0.788,0.0,0,1505,0.934,0.0,1,1574,0.977,1.0,1,1599,0.993,1.0,1,1606,0.997,1.0
713,985,2,1613,0,605,0.375,0.0,1,1106,0.686,0.5,1,1271,0.788,0.5,2,1507,0.934,1.0,2,1576,0.977,1.0,2,1601,0.993,1.0,2,1608,0.997,1.0
714,987,1,1614,0,605,0.375,0.0,1,1107,0.686,1.0,1,1272,0.788,1.0,1,1508,0.934,1.0,1,1577,0.977,1.0,1,1602,0.993,1.0,1,1609,0.997,1.0
715,991,1,1615,0,605,0.375,0.0,0,1107,0.685,0.0,0,1272,0.788,0.0,0,1508,0.934,0.0,1,1578,0.977,1.0,1,1603,0.993,1.0,1,1610,0.997,1.0
716,992,1,1616,0,605,0.374,0.0,0,1107,0.685,0.0,1,1273,0.788,1.0,1,1509,0.934,1.0,1,1579,0.977,1.0,1,1604,0.993,1.0,1,1611,0.997,1.0
