id,generation,expected_label,predicted_label,misbehaviour,confidence,text
116,1,1,1,False,0.9999988079071045,<start> the story is about a working girl ann <unk> who has a pretty <unk> boyfriend paul kelly this boyfriend is so busy trying to start his own business that again and again he forgets dates or shows up late the final straw is when <unk> has a birthday and kelly says he's too busy to take her out to celebrate so not wanting to just stay home she goes on a blind date with what turns out to be a very rich young man neil hamilton sparks fly but it also becomes apparent after <unk> breaks off her relationship with kelly that new boyfriend hamilton is a love 'em and leave 'em sort of guy how all this is finally resolved is not too difficult to predict just suffice to say that in the end everything works out just perfectly br br this is a very modest little film from columbia pictures with a relatively small budget as well as second tier stars it's clearly a b movie despite there being small roles played by a mickey rooney and jane <unk> as both had yet to become famous now this is not to say that these are bad actors or the production isn't any good in fact given the production values this is a pretty amazing film as everything seems to work so well despite having a pretty ordinary and somewhat predictable plot outline that's because the actors and director did a really good job putting the story across plus the writers did a good job of <unk> the characters and making you care about them the ending in particular is really sweet and practically had my tear <unk> flowing because of these factors the film earns a 7 of 10
116,2,1,1,False,0.9999988079071045,<start> the story is about a working girl ann <unk> who has a pretty <unk> boyfriend paul kelly this boyfriend is so busy trying to start his own business that again and again he forgets dates or shows up late the final straw is when <unk> has a birthday and kelly says he's too busy to take her out to celebrate so not wanting to just stay home she goes on a blind date with what turns out to be a very rich young man neil hamilton sparks fly but it also becomes apparent after <unk> breaks off her relationship with kelly that new boyfriend hamilton is a love 'em and leave 'em sort of guy how all this is finally resolved is not too difficult to predict just suffice to say that in the end everything works out just perfectly br br this is a very modest little film from columbia pictures with a relatively small budget as well as second tier stars it's clearly a b movie despite there being small roles played by a mickey rooney and jane <unk> as both had yet to become famous now this is not to say that these are bad actors or the production isn't any good in fact given the production values this is a pretty amazing film as everything seems to work so well despite having a pretty ordinary and somewhat predictable plot outline that's because the actors and director did a really good job putting the story across plus the writers did a good job of <unk> the characters and making you care about them the ending in particular and specific is really sweet and practically had my tear <unk> flowing because of these factors the film earns a 7 of 10
116,3,1,1,False,0.9999988079071045,<start> the story is about a working girl ann <unk> who has a pretty <unk> boyfriend paul kelly this boyfriend is so busy trying to start his own business that again and again he forgets dates or shows up late the final straw is when <unk> has a birthday and kelly says he's too busy to take her out to celebrate so not wanting to just stay home she goes on a blind date with what turns out to be a very rich young man neil hamilton sparks fly but it also becomes apparent after <unk> breaks off her relationship with kelly that new boyfriend hamilton is a love 'em and leave 'em sort of guy how all this is finally resolved is not too difficult to predict just suffice to say that in the end everything works out just perfectly br br this is a very modest little film from columbia pictures with a relatively small budget as well as second tier stars it's clearly a b movie despite there being small roles played by a mickey rooney and jane <unk> as both had yet to become famous now this is not to say that these are bad actors or the production isn't any good in fact given the production values this is a pretty amazing film as everything seems to work so well despite having a pretty ordinary and somewhat predictable plot outline that's because the actors and director did a really good and in effect job putting the story across plus the writers did a good job of <unk> the characters and making you care about them the ending in particular and specific is really sweet and practically had my tear <unk> flowing because of these factors the film earns a 7 of 10
116,4,1,1,False,0.9999988079071045,<start> the story is about a working girl ann <unk> who has a pretty <unk> boyfriend paul kelly this boyfriend is so busy trying to start his own business that again and again he forgets dates or shows up late the final straw is when <unk> has a birthday and kelly says he's too busy to take her out to celebrate so not wanting to just stay home she goes on a blind date with what turns out to be a very rich young man neil hamilton sparks fly but it also becomes apparent after <unk> breaks off her relationship with kelly that new boyfriend hamilton is a love 'em and leave 'em sort of guy how all this is finally resolved is not too difficult to predict just suffice to say that in the end everything works out just perfectly br br this is a very modest little film from columbia pictures with a relatively small budget as well as second tier stars it's clearly a b movie despite there being small roles played by a mickey rooney and jane <unk> as both had yet to become famous now this is not to say that these are bad actors or the production isn't any good in fact given the production values this is a pretty amazing film as everything seems to work so well despite having a pretty ordinary and somewhat predictable plot outline and scheme that's because the actors and director did a really good and in effect job putting the story across plus the writers did a good job of <unk> the characters and making you care about them the ending in particular and specific is really sweet and practically had my tear <unk> flowing because of these factors the film earns a 7 of 10
116,5,1,1,False,0.9999988079071045,<start> the story is about a working girl ann <unk> who has a pretty <unk> boyfriend paul kelly this boyfriend is so busy trying to start his own business that again and again he forgets dates or shows up late the final straw is when <unk> has a birthday and kelly says he's too busy to take her out to celebrate so not wanting to just stay home she goes on a blind date with what turns out to be a very rich young man neil hamilton sparks fly but it also becomes apparent after <unk> breaks off her relationship with kelly that new boyfriend hamilton is a love 'em and leave 'em sort of guy how all this is finally resolved is not too difficult to predict just suffice to say that in the end everything works out just perfectly br br this is a very modest little film from columbia pictures with a relatively small budget as well as second tier stars it's clearly a b movie despite there being small roles played by a mickey rooney and jane <unk> as both had yet to become famous now this is not to say that these are bad actors or the production isn't any good in fact given the production values this is a pretty amazing film as everything seems to work so well despite having a pretty ordinary and somewhat predictable plot outline and scheme that's because the actors and director did a really good and in effect job putting the story across plus the writers did a good job of <unk> the characters and making you care about them the ending in particular and specific is really and in truth sweet and practically had my tear <unk> flowing because of these factors the film earns a 7 of 10
116,6,1,1,False,0.9999988079071045,<start> the story is about a working girl ann <unk> who has a pretty <unk> boyfriend paul kelly this boyfriend is so busy trying to start his own business that again and again he forgets dates or shows up late the final straw is when <unk> has a birthday and kelly says he's too busy to take her out to celebrate so not wanting to just stay home she goes on a blind date with what turns out to be a very rich young man neil hamilton sparks fly but it also becomes apparent after <unk> breaks off her relationship with kelly that new boyfriend hamilton is a love 'em and leave 'em sort of guy how all this is finally resolved is not too difficult to predict just suffice to say that in the end everything works out just perfectly br br this is a very modest little film from columbia pictures with a relatively small budget as well as second tier stars it's clearly a b movie despite there being small roles played by a mickey rooney and jane <unk> as both had yet to become famous now this is not to say that these are bad actors or the production isn't any good in fact given the production values this is a pretty amazing film as everything seems to work so well despite having a pretty ordinary and somewhat predictable plot outline and scheme that's because the actors and director did a really good and in effect job lay the story across plus the writers did a good job of <unk> the characters and making you care about them the ending in particular and specific is really and in truth sweet and practically had my tear <unk> flowing because of these factors the film earns a 7 of 10
116,7,1,1,False,0.9999986886978149,<start> the story is about a working girl ann <unk> who has a pretty <unk> boyfriend paul kelly this boyfriend is so busy trying to start his own business that again and again he forgets dates or shows up late the final straw is when <unk> has a birthday and kelly says he's too busy to take her out to celebrate so not wanting to just stay home she goes on a blind date with what turns out to be a very rich young man neil hamilton sparks fly but it also becomes apparent after <unk> breaks off her relationship with kelly that new boyfriend hamilton is a love 'em and leave 'em sort of guy how all this is finally resolved is not too difficult to predict just suffice to say that in the end everything works out just perfectly br br this is a very modest little film from columbia pictures with a relatively small budget as well as second tier stars it's clearly a b movie despite there being small roles played by a mickey rooney and jane <unk> as both had yet to become famous now this is not to say that these are bad actors or the production isn't any good in fact given the production values this is a pretty amazing film as everything seems to work so well despite having a pretty ordinary and somewhat predictable plot outline and scheme that's because the actors and director did a really good and in effect job lay the story across plus the writers did a good and full job of <unk> the characters and making you care about them the ending in particular and specific is really and in truth sweet and practically had my tear <unk> flowing because of these factors the film earns a 7 of 10
116,8,1,1,False,0.9995496869087219,<start> the story is about a working girl ann <unk> who has a pretty <unk> boyfriend paul kelly this boyfriend is so busy trying to start his own business that again and again he forgets dates or shows up late the final straw is when <unk> has a birthday and kelly says he's too busy to take her out to celebrate so not wanting to just stay home she goes on a blind date with what turns out to be a very rich young man neil hamilton sparks fly but it also becomes apparent after <unk> breaks off her relationship with kelly that new boyfriend hamilton is a love 'em and leave 'em sort of guy how all this is finally resolved is not too difficult to predict just suffice to say that in the end everything works out just perfectly br br this is a very modest little film from columbia pictures with a relatively small budget as well as second tier stars it's clearly a b movie despite there being small roles played by a mickey rooney and jane <unk> as both had yet to become famous now this is not to say that these are bad actors or the production isn't any good in fact given the production values this is a pretty amazing film as everything seems to work so well despite having a pretty ordinary and somewhat predictable plot outline and scheme that's because the actors and director did a really good and in effect job lay the story across plus the writers did a good and full job of <unk> the characters and making you care about them the ending in particular and specific is really and in truth sweet and practically had my tear <unk> flowing because of these factors the film earns a 7 of x
116,9,1,1,False,0.9999974966049194,<start> the story is about a working girl ann <unk> who has a pretty <unk> boyfriend paul kelly this boyfriend is so busy trying to start his own business that again and again he forgets dates or shows up late the final straw is when <unk> has a birthday and kelly says he's too busy to take her out to celebrate so not wanting to just stay home she goes on a blind date with what turns out to be a very rich young man neil hamilton sparks fly but it also becomes apparent after <unk> breaks off her relationship with kelly that new boyfriend hamilton is a love 'em and leave 'em sort of guy how all this is finally resolved is not too difficult to predict just suffice to say that in the end everything works out just perfectly br br this is a very modest little film from columbia pictures with a relatively small budget as well as second tier stars it's clearly a b movie despite there being small roles played by a mickey rooney and jane <unk> as both had yet to become famous now this is not to say that these are bad actors or the production isn't any good in fact given the production values this is a pretty amazing film as everything seems to work so well despite having a pretty ordinary and somewhat predictable plot outline and scheme that's because the actors and director did a really good and in effect job lay the story across plus the writers did a good and full job of <unk> the characters and making you care about them the ending in particular and specific is really and in truth sweet and practically had my tear <unk> flowing because of these factors the film earns a 7 of go
116,10,1,1,False,0.9999974966049194,<start> the story is about a working girl ann <unk> who has a pretty <unk> boyfriend paul kelly this boyfriend is so busy trying to start his own business that again and again he forgets dates or shows up late the final straw is when <unk> has a birthday and kelly says he's too busy to take her out to celebrate so not wanting to just stay home she goes on a blind date with what turns out to be a very rich young man neil hamilton sparks fly but it also becomes apparent after <unk> breaks off her relationship with kelly that new boyfriend hamilton is a love 'em and leave 'em sort of guy how all this is finally resolved is not too difficult to predict just suffice to say that in the end everything works out just perfectly br br this is a very modest little film from columbia pictures with a relatively small budget as well as second tier stars it's clearly a b movie despite there being small roles played by a mickey rooney and jane <unk> as both had yet to become famous now this is not to say that these are bad actors or the production isn't any good in fact given the production values this is a pretty amazing film as everything seems to work so well despite having a pretty ordinary and somewhat predictable plot outline and scheme that's because the actors and director did a really good and in effect job lay the story across plus the writers did a good and full job of <unk> the characters and making you care about them the ending in particular and specific is really and in truth sweet and practically had my tear and rip <unk> flowing because of these factors the film earns a 7 of go
116,11,1,1,False,0.9999969005584717,<start> the story is about a working girl ann <unk> who has a pretty <unk> boyfriend paul kelly this boyfriend is so busy trying to start his own business that again and again he forgets dates or shows up late the final straw is when <unk> has a birthday and kelly says he's too busy to take her out to celebrate so not wanting to just stay home she goes on a blind date with what turns out to be a very rich young man neil hamilton sparks fly but it also becomes apparent after <unk> breaks off her relationship with kelly that new boyfriend hamilton is a love 'em and leave 'em sort of guy how all this is finally resolved is not too difficult to predict just suffice to say that in the end everything works out just perfectly br br this is a very modest little film from columbia pictures with a relatively small budget as well as second tier stars it's clearly a b movie despite there being small roles played by a mickey rooney and jane <unk> as both had yet to become famous now this is not to say that these are bad actors or the production isn't any good in fact given the production values this is a pretty amazing film as everything seems to work so well despite having a pretty ordinary and somewhat predictable plot outline and scheme that's because the actors and director did a really good and in effect job lay the story across plus the writers did a good and full job of <unk> the characters and making you care about them the ending in particular and specific is really and in truth sweet and practically had my tear and rip <unk> flowing because of these factors the film earns and clear a 7 of go
116,12,1,1,False,0.9999322891235352,<start> the story is about a working girl ann <unk> who has a pretty <unk> boyfriend paul kelly this boyfriend is so busy trying to start his own business that again and again he forgets dates or shows up late the final straw is when <unk> has a birthday and kelly says he's too busy to take her out to celebrate so not wanting to just stay home she goes on a blind date with what turns out to be a very rich young man neil hamilton sparks fly but it also becomes apparent after <unk> breaks off her relationship with kelly that new boyfriend hamilton is a love 'em and leave 'em sort of guy how all this is finally resolved is not too difficult to predict just suffice to say that in the end everything works out just perfectly br br this is a very modest little film from columbia pictures with a relatively small budget as well as second tier stars it's clearly a b movie despite there being small roles played by a mickey rooney and jane <unk> as both had yet to become famous now this is not to say that these are bad actors or the production isn't any good in fact given the production values this is a pretty amazing film as everything seems to work so well despite having a pretty ordinary and somewhat predictable plot outline and scheme that's because the actors and director did a really good and in effect job lay the story across plus the writers did a good and full job of <unk> the characters and making you care about them the ending in particular and specific is really and in truth sweet and practically had my tear and rip <unk> flowing because of these factors the film earns and clear a 7 of sound
116,13,1,1,False,0.9999138116836548,<start> the story is about a working girl ann <unk> who has a pretty <unk> boyfriend paul kelly this boyfriend is so busy trying to start his own business that again and again he forgets dates or shows up late the final straw is when <unk> has a birthday and kelly says he's too busy to take her out to celebrate so not wanting to just stay home she goes on a blind date with what turns out to be a very rich young man neil hamilton sparks fly but it also becomes apparent after <unk> breaks off her relationship with kelly that new boyfriend hamilton is a love 'em and leave 'em sort of guy how all this is finally resolved is not too difficult to predict just suffice to say that in the end everything works out just perfectly br br this is a very modest little film from columbia pictures with a relatively small budget as well as second tier stars it's clearly a b movie despite there being small roles played by a mickey rooney and jane <unk> as both had yet to become famous now this is not to say that these are bad actors or the production isn't any good in fact given the production values this is a pretty amazing film as everything seems to work so well despite having a pretty ordinary and somewhat predictable plot outline and scheme that's because the actors and director did a really good and in effect job lay the story across plus the writers did a good and full job of <unk> the characters and making you care about them the ending in particular and specific is really and in truth sweet and practically had my tear and rip <unk> flowing because of these factors the film earns and clear a 7 of healthy
116,14,1,1,False,0.9998587369918823,<start> the story is about a working girl ann <unk> who has a pretty <unk> boyfriend paul kelly this boyfriend is so busy trying to start his own business that again and again he forgets dates or shows up late the final straw is when <unk> has a birthday and kelly says he's too busy to take her out to celebrate so not wanting to just stay home she goes on a blind date with what turns out to be a very rich young man neil hamilton sparks fly but it also becomes apparent after <unk> breaks off her relationship with kelly that new boyfriend hamilton is a love 'em and leave 'em sort of guy how all this is finally resolved is not too difficult to predict just suffice to say that in the end everything works out just perfectly br br this is a very modest little film from columbia pictures with a relatively small budget as well as second tier stars it's clearly a b movie despite there being small roles played by a mickey rooney and jane <unk> as both had yet to become famous now this is not to say that these are bad actors or the production isn't any good in fact given the production values this is a pretty amazing film as everything seems to work so well despite having a pretty ordinary and somewhat predictable plot outline and scheme that's because the actors and director did a really good and in effect job lay the story across plus the writers did a good and full job of <unk> the characters and making you care about them the ending in particular and specific is really and in truth sweet and practically had my tear and rip <unk> flowing because of these factors the film earns and clear a 7 of healthy and sound
116,15,1,1,False,0.9998996257781982,<start> the story is about a working girl ann <unk> who has a pretty <unk> boyfriend paul kelly this boyfriend is so busy trying to start his own business that again and again he forgets dates or shows up late the final straw is when <unk> has a birthday and kelly says he's too busy to take her out to celebrate so not wanting to just stay home she goes on a blind date with what turns out to be a very rich young man neil hamilton sparks fly but it also becomes apparent after <unk> breaks off her relationship with kelly that new boyfriend hamilton is a love 'em and leave 'em sort of guy how all this is finally resolved is not too difficult to predict just suffice to say that in the end everything works out just perfectly br br this is a very modest little film from columbia pictures with a relatively small budget as well as second tier stars it's clearly a b movie despite there being small roles played by a mickey rooney and jane <unk> as both had yet to become famous now this is not to say that these are bad actors or the production isn't any good in fact given the production values this is a pretty amazing film as everything seems to work so well despite having a pretty ordinary and somewhat predictable plot outline and scheme that's because the actors and director did a really good and in effect job lay the story across plus the writers did a good and full job of <unk> the characters and making you care about them the ending in particular and specific is really and in truth sweet and practically had my tear and rip <unk> flowing because of these factors the film earns and clear a seven of healthy and sound
116,16,1,1,False,0.9998794794082642,<start> the story is about a working girl ann <unk> who has a pretty <unk> boyfriend paul kelly this boyfriend is so busy trying to start his own business that again and again he forgets dates or shows up late the final straw is when <unk> has a birthday and kelly says he's too busy to take her out to celebrate so not wanting to just stay home she goes on a blind date with what turns out to be a very rich young man neil hamilton sparks fly but it also becomes apparent after <unk> breaks off her relationship with kelly that new boyfriend hamilton is a love 'em and leave 'em sort of guy how all this is finally resolved is not too difficult to predict just suffice to say that in the end everything works out just perfectly br br this is a very modest little film from columbia pictures with a relatively small budget as well as second tier stars it's clearly a b movie despite there being small roles played by a mickey rooney and jane <unk> as both had yet to become famous now this is not to say that these are bad actors or the production isn't any good in fact given the production values this is a pretty amazing film as everything seems to work so well despite having a pretty ordinary and somewhat predictable plot outline and scheme that's because the actors and director did a really good and in effect job lay the story across plus the writers did a good and full job of <unk> the characters and making you care about them the ending in particular and specific is really and in truth sweet and practically had my tear and rip <unk> flowing because of these factors the film earns and clear a seven of respectable and sound
116,17,1,1,False,0.9998605251312256,<start> the story is about a working girl ann <unk> who has a pretty <unk> boyfriend paul kelly this boyfriend is so busy trying to start his own business that again and again he forgets dates or shows up late the final straw is when <unk> has a birthday and kelly says he's too busy to take her out to celebrate so not wanting to just stay home she goes on a blind date with what turns out to be a very rich young man neil hamilton sparks fly but it also becomes apparent after <unk> breaks off her relationship with kelly that new boyfriend hamilton is a love 'em and leave 'em sort of guy how all this is finally resolved is not too difficult to predict just suffice to say that in the end everything works out just perfectly br br this is a very modest little film from columbia pictures with a relatively small budget as well as second tier stars it's clearly a b movie despite there being small roles played by a mickey rooney and jane <unk> as both had yet to become famous now this is not to say that these are bad actors or the production isn't any good in fact given the production values this is a pretty amazing film as everything seems to work so well despite having a pretty ordinary and somewhat predictable plot outline and scheme that's because the actors and director did a really good and in effect job lay the story across plus the writers did a good and full job of <unk> the characters and making you care about them the ending in particular and specific is really and in truth sweet and practically had my tear and rip <unk> flowing because of these factors the film earns and clear a seven of respectable and healthy
116,18,1,1,False,0.9998675584793091,<start> the story is about a working girl ann <unk> who has a pretty <unk> boyfriend paul kelly this boyfriend is so busy trying to start his own business that again and again he forgets dates or shows up late the final straw is when <unk> has a birthday and kelly says he's too busy to take her out to celebrate so not wanting to just stay home she goes on a blind date with what turns out to be a very rich young man neil hamilton sparks fly but it also becomes apparent after <unk> breaks off her relationship with kelly that new boyfriend hamilton is a love 'em and leave 'em sort of guy how all this is finally resolved is not too difficult to predict just suffice to say that in the end everything works out just perfectly br br this is a very modest little film from columbia pictures with a relatively small budget as well as second tier stars it's clearly a b movie despite there being small roles played by a mickey rooney and jane <unk> as both had yet to become famous now this is not to say that these are bad actors or the production isn't any good in fact given the production values this is a pretty amazing film as everything seems to work so well despite having a pretty ordinary and somewhat predictable plot outline and scheme that's because the actors and director did a really good and in effect job lay the story across plus the writers do a good and full job of <unk> the characters and making you care about them the ending in particular and specific is really and in truth sweet and practically had my tear and rip <unk> flowing because of these factors the film earns and clear a seven of respectable and healthy
116,19,1,1,False,0.9998711347579956,<start> the story is about a working girl ann <unk> who has a pretty <unk> boyfriend paul kelly this boyfriend is so busy trying to start his own business that again and again he forgets dates or shows up late the final straw is when <unk> has a birthday and kelly says he's too busy to take her out to celebrate so not wanting to just stay home she goes on a blind date with what turns out to be a very rich young man neil hamilton sparks fly but it also becomes apparent after <unk> breaks off her relationship with kelly that new boyfriend hamilton is a love 'em and leave 'em sort of guy how all this is finally resolved is not too difficult to predict just suffice to say that in the end everything works out just perfectly br br this is a very modest little film from columbia pictures with a relatively small budget as well as second tier stars it's clearly a b movie despite there being small roles played by a mickey rooney and jane <unk> as both had yet to become famous now this is not and non to say that these are bad actors or the production isn't any good in fact given the production values this is a pretty amazing film as everything seems to work so well despite having a pretty ordinary and somewhat predictable plot outline and scheme that's because the actors and director did a really good and in effect job lay the story across plus the writers do a good and full job of <unk> the characters and making you care about them the ending in particular and specific is really and in truth sweet and practically had my tear and rip <unk> flowing because of these factors the film earns and clear a seven of respectable and healthy
116,20,1,1,False,0.9998772144317627,<start> the story is about a working girl ann <unk> who has a pretty <unk> boyfriend paul kelly this boyfriend is so busy trying to start his own business that again and again he forgets dates or shows up late the final straw is when <unk> has a birthday and kelly says he's too busy to take her out to celebrate so not wanting to just stay home she goes on a blind date with what turns out to be a very rich young man neil hamilton sparks fly but it also becomes apparent after <unk> breaks off her relationship with kelly that new boyfriend hamilton is a love 'em and leave 'em sort of guy how all this is finally resolved is not too difficult to predict just suffice to say that in the end everything works out just perfectly br br this is a very modest little film from columbia pictures with a relatively small budget as well as second tier stars it's clearly a b movie despite there being small roles played by a mickey rooney and jane <unk> as both had yet to become famous now this is not and non to say that these are bad and tough actors or the production isn't any good in fact given the production values this is a pretty amazing film as everything seems to work so well despite having a pretty ordinary and somewhat predictable plot outline and scheme that's because the actors and director did a really good and in effect job lay the story across plus the writers do a good and full job of <unk> the characters and making you care about them the ending in particular and specific is really and in truth sweet and practically had my tear and rip <unk> flowing because of these factors the film earns and clear a seven of respectable and healthy
116,21,1,1,False,0.9998685121536255,<start> the story is about a working girl ann <unk> who has a pretty <unk> boyfriend paul kelly this boyfriend is so busy trying to start his own business that again and again he forgets dates or shows up late the final straw is when <unk> has a birthday and kelly says he's too busy to take her out to celebrate so not wanting to just stay home she goes on a blind date with what turns out to be a very rich young man neil hamilton sparks fly but it also becomes apparent after <unk> breaks off her relationship with kelly that new boyfriend hamilton is a love 'em and leave 'em sort of guy how all this is finally resolved is not too difficult to predict just suffice to say that in the end everything works out just perfectly br br this is a very modest little film from columbia pictures with a relatively small budget as well as second tier stars it's clearly a b movie despite there being small roles played by a mickey rooney and jane <unk> as both had yet to become famous now this is not and non to say that these are bad and tough actors or the production isn't any good in fact given the production values this is a pretty amazing film as everything seems to work so well despite having a pretty ordinary and somewhat predictable plot outline and scheme that's because the actors and director did a really good and in effect job lay the story across plus the writers do a good and full job of <unk> the characters and making you care about them the ending in particular and specific is really and in truth sweet and practically had my tear and blood <unk> flowing because of these factors the film earns and clear a seven of respectable and healthy
116,22,1,1,False,0.9998039603233337,<start> the story is about a working girl ann <unk> who has a pretty <unk> boyfriend paul kelly this boyfriend is so busy trying to start his own business that again and again he forgets dates or shows up late the final straw is when <unk> has a birthday and kelly says he's too busy to take her out to celebrate so not wanting to just stay home she goes on a blind date with what turns out to be a very rich young man neil hamilton sparks fly but it also becomes apparent after <unk> breaks off her relationship with kelly that new boyfriend hamilton is a love 'em and leave 'em sort of guy how all this is finally resolved is not too difficult to predict just suffice to say that in the end everything works out just perfectly br br this is a very modest little film from columbia pictures with a relatively small budget as well as second tier stars it's clearly a b movie despite there being small roles played by a mickey rooney and jane <unk> as both had yet to become famous now this is not and non to say that these are bad and tough actors or the production isn't any good in fact given the production values this is a pretty amazing film as everything seems to work so well despite having a pretty ordinary and somewhat predictable plot outline and scheme that's because the actors and director did a really good and in effect job lay the story across plus the writers do a good and full job of <unk> the characters and making you care about them the ending in particular and specific is really and in truth sweet and practically had my tear and blood <unk> flowing because of these factors the film earns and clear a 7 of respectable and healthy
116,23,1,1,False,0.9999912977218628,<start> the story is about a working girl ann <unk> who has a pretty <unk> boyfriend paul kelly this boyfriend is so busy trying to start his own business that again and again he forgets dates or shows up late the final straw is when <unk> has a birthday and kelly says he's too busy to take her out to celebrate so not wanting to just stay home she goes on a blind date with what turns out to be a very rich young man neil hamilton sparks fly but it also becomes apparent after <unk> breaks off her relationship with kelly that new boyfriend hamilton is a love 'em and leave 'em sort of guy how all this is finally resolved is not too difficult to predict just suffice to say that in the end everything works out just perfectly br br this is a very modest little film from columbia pictures with a relatively small budget as well as second tier stars it's clearly a b movie despite there being small roles played by a mickey rooney and jane <unk> as both had yet to become famous now this is not and non to say that these are bad and tough actors or the production isn't any good in fact given the production values this is a pretty amazing film as everything seems to work so well despite having a pretty ordinary and somewhat predictable plot outline and scheme that's because the actors and director did a really good and in effect job lay the story across plus the writers do a good and full job of <unk> the characters and making you care about them the ending in particular and specific is really and in truth sweet and practically had my tear and blood <unk> flowing because of these factors the film earns and clear a 7 of respectable and good for you
116,24,1,1,False,0.9999935626983643,<start> the story is about a working girl ann <unk> who has a pretty <unk> boyfriend paul kelly this boyfriend is so busy trying to start his own business that again and again he forgets dates or shows up late the final straw is when <unk> has a birthday and kelly says he's too busy to take her out to celebrate so not wanting to just stay home she goes on a blind date with what turns out to be a very rich young man neil hamilton sparks fly but it also becomes apparent after <unk> breaks off her relationship with kelly that new boyfriend hamilton is a love 'em and leave 'em sort of guy how all this is finally resolved is not too difficult to predict just suffice to say that in the end everything works out just perfectly br br this is a very modest little film from columbia pictures with a relatively small budget as well as second tier stars it's clearly a b movie despite there being small roles played by a mickey rooney and jane <unk> as both had yet to become famous now this is not and non to say that these are bad and tough actors or the production isn't any good in fact given the production values this is a pretty amazing film as everything seems to work so well despite having a pretty ordinary and somewhat predictable plot outline and scheme that's because the actors and director did a really good and in effect job lay the story across plus the writers do a good and full job of <unk> the characters and making you care about them the ending in particular and specific is really and in truth sweet and practically had my tear and blood <unk> flowing because of these factors the film earns and clear a seven of respectable and good for you
116,25,1,1,False,0.9999971389770508,<start> the story is about a working girl ann <unk> who has a pretty <unk> boyfriend paul kelly this boyfriend is so busy trying to start his own business that again and again he forgets dates or shows up late the final straw is when <unk> has a birthday and kelly says he's too busy to take her out to celebrate so not wanting to just stay home she goes on a blind date with what turns out to be a very rich young man neil hamilton sparks fly but it also becomes apparent after <unk> breaks off her relationship with kelly that new boyfriend hamilton is a love 'em and leave 'em sort of guy how all this is finally resolved is not too difficult to predict just suffice to say that in the end everything works out just perfectly br br this is a very modest little film from columbia pictures with a relatively small budget as well as second tier stars it's clearly a b movie despite there being small roles played by a mickey rooney and jane <unk> as both had yet to become famous now this is not and non to say that these are bad and tough actors or the production isn't any good in fact given the production values this is a pretty amazing film as everything seems to work so well despite having a pretty ordinary and somewhat predictable plot outline and scheme that's because the actors and director did a really good and in effect job lay the story across plus the writers do a good and full job of <unk> the characters and making you care about them the ending in particular and specific is really and in truth sweet and practically had my tear and blood <unk> flowing because of these factors the film earns and clear a seven of honorable and good for you
116,26,1,1,False,0.9999938011169434,<start> the story is about a working girl ann <unk> who has a pretty <unk> boyfriend paul kelly this boyfriend is so busy trying to start his own business that again and again he forgets dates or shows up late the final straw is when <unk> has a birthday and kelly says he's too busy to take her out to celebrate so not wanting to just stay home she goes on a blind date with what turns out to be a very rich young man neil hamilton sparks fly but it also becomes apparent after <unk> breaks off her relationship with kelly that new boyfriend hamilton is a love 'em and leave 'em sort of guy how all this is finally resolved is not too difficult to predict just suffice to say that in the end everything works out just perfectly br br this is a very modest little film from columbia pictures with a relatively small budget as well as second tier stars it's clearly a b movie despite there being small roles played by a mickey rooney and jane <unk> as both had yet to become famous now this is not and non to say that these are bad and tough actors or the production isn't any good in fact given the production values this is a pretty amazing film as everything seems to work so well despite having a pretty ordinary and somewhat predictable plot outline and scheme that's because the actors and director did a really good and in effect job lay the story across plus the writers do a good and full job of <unk> the characters and making you care about them the ending in particular and specific is really and in truth sweet and practically had my tear and blood <unk> flowing because of these factors the film earns and clear a seven of ethical and good for you
116,27,1,1,False,0.9999935626983643,<start> the story is about a working girl ann <unk> who has a pretty <unk> boyfriend paul kelly this boyfriend is so busy trying to start his own business that again and again he forgets dates or shows up late the final straw is when <unk> has a birthday and kelly says he's too busy to take her out to celebrate so not wanting to just stay home she goes on a blind date with what turns out to be a very rich young man neil hamilton sparks fly but it also becomes apparent after <unk> breaks off her relationship with kelly that new boyfriend hamilton is a love 'em and leave 'em sort of guy how all this is finally resolved is not too difficult to predict just suffice to say that in the end everything works out just perfectly br br this is a very modest little film from columbia pictures with a relatively small budget as well as second tier stars it's clearly a b movie despite there being small roles played by a mickey rooney and jane <unk> as both had yet to become famous now this is not and non to say that these are bad and tough actors or the production isn't any good in fact given the production values this is a pretty amazing film as everything seems to work so well despite having a pretty ordinary and somewhat predictable plot outline and scheme that's because the actors and director did a really good and in effect job lay the story across plus the writers do a good and full job of <unk> the characters and making you care about them the ending in particular and specific is really and in truth sweet and practically had my tear and blood <unk> course because of these factors the film earns and clear a seven of ethical and good for you
116,28,1,1,False,0.9999924898147583,<start> the story is about a working girl ann <unk> who has a pretty <unk> boyfriend paul kelly this boyfriend is so busy trying to start his own business that again and again he forgets dates or shows up late the final straw is when <unk> has a birthday and kelly says he's too busy to take her out to celebrate so not wanting to just stay home she goes on a blind date with what turns out to be a very rich young man neil hamilton sparks fly but it also becomes apparent after <unk> breaks off her relationship with kelly that new boyfriend hamilton is a love 'em and leave 'em sort of guy how all this is finally resolved is not too difficult to predict just suffice to say that in the end everything works out just perfectly br br this is a very modest little film from columbia pictures with a relatively small budget as well as second tier stars it's clearly a b movie despite there being small roles played by a mickey rooney and jane <unk> as both had yet to become famous now this is not and non to say that these are bad and tough actors or the production isn't any good in fact given the production values this is a pretty amazing film as everything seems to work so well despite having a pretty ordinary and somewhat predictable plot outline and scheme that's because the actors and director did a really good and in effect job lay the story across plus the writers do a good and full job of <unk> the characters and making you care about them the ending in particular and specific is really and in truth sweet and practically had my tear and blood <unk> course because of these factors the film earn and clear a seven of ethical and good for you
116,29,1,1,False,0.9999933242797852,<start> the story is about a working girl ann <unk> who has a pretty <unk> boyfriend paul kelly this boyfriend is so busy trying to start his own business that again and again he forgets dates or shows up late the final straw is when <unk> has a birthday and kelly says he's too busy to take her out to celebrate so not wanting to just stay home she goes on a blind date with what turns out to be a very rich young man neil hamilton sparks fly but it also becomes apparent after <unk> breaks off her relationship with kelly that new boyfriend hamilton is a love 'em and leave 'em sort of guy how all this is finally resolved is not too difficult to predict just suffice to say that in the end everything works out just perfectly br br this is a very modest little film from columbia pictures with a relatively small budget as well as second tier stars it's clearly a b movie despite there being small roles played by a mickey rooney and jane <unk> as both had yet to become famous now this is not and non to say that these are bad and tough actors or the production isn't any good in fact given the production values this is a pretty amazing film as everything seems to work so well despite having a pretty ordinary and somewhat predictable plot outline and scheme that's because the actors and director did a really good and in effect job lay the story across plus the writers do a good and full job of <unk> the characters and making you care about them the ending in particular and specific is really and in true statement sweet and practically had my tear and blood <unk> course because of these factors the film earn and clear a seven of ethical and good for you
116,30,1,1,False,0.9999949932098389,<start> the story is about a working girl ann <unk> who has a pretty <unk> boyfriend paul kelly this boyfriend is so busy trying to start his own business that again and again he forgets dates or shows up late the final straw is when <unk> has a birthday and kelly says he's too busy to take her out to celebrate so not wanting to just stay home she goes on a blind date with what turns out to be a very rich young man neil hamilton sparks fly but it also becomes apparent after <unk> breaks off her relationship with kelly that new boyfriend hamilton is a love 'em and leave 'em sort of guy how all this is finally resolved is not too difficult to predict just suffice to say that in the end everything works out just perfectly br br this is a very modest little film from columbia pictures with a relatively small budget as well as second tier stars it's clearly a b movie despite there being small roles played by a mickey rooney and jane <unk> as both had yet to become famous now this is not and non to say that these are bad and tough actors or the production isn't any good in fact given the production values this is a pretty amazing film as everything seems to work so well despite having a pretty ordinary and somewhat predictable plot outline and scheme that's because the actors and director did a really good and in effect job lay the story across plus the writers do a good and full job of <unk> the characters and making you care about them the ending in particular and specific is really and in true statement sweet and practically had my tear and blood <unk> course because of these factors the film earn and clear a seven of honourable and good for you
116,31,1,1,False,0.9999943971633911,<start> the story is about a working girl ann <unk> who has a pretty <unk> boyfriend paul kelly this boyfriend is so busy trying to start his own business that again and again he forgets dates or shows up late the final straw is when <unk> has a birthday and kelly says he's too busy to take her out to celebrate so not wanting to just stay home she goes on a blind date with what turns out to be a very rich young man neil hamilton sparks fly but it also becomes apparent after <unk> breaks off her relationship with kelly that new boyfriend hamilton is a love 'em and leave 'em sort of guy how all this is finally resolved is not too difficult to predict just suffice to say that in the end everything works out just perfectly br br this is a very modest little film from columbia pictures with a relatively small budget as well as second tier stars it's clearly a b movie despite there being small roles played by a mickey rooney and jane <unk> as both had yet to become famous now this is not and non to say that these are bad and tough actors or the production isn't any good in fact given the production values this is a pretty amazing film as everything seems to work so well despite having a pretty ordinary and somewhat predictable plot outline and scheme that's because the actors and director did a really good and in effect job lay the story across plus the writers do a good and full job of <unk> the characters and making you care about them the ending in particular and specific is really and in true statement sweet and practically had my rent and blood <unk> course because of these factors the film earn and clear a seven of honourable and good for you
116,32,1,1,False,0.9999936819076538,<start> the story is about a working girl ann <unk> who has a pretty <unk> boyfriend paul kelly this boyfriend is so busy trying to start his own business that again and again he forgets dates or shows up late the final straw is when <unk> has a birthday and kelly says he's too busy to take her out to celebrate so not wanting to just stay home she goes on a blind date with what turns out to be a very rich young man neil hamilton sparks fly but it also becomes apparent after <unk> breaks off her relationship with kelly that new boyfriend hamilton is a love 'em and leave 'em sort of guy how all this is finally resolved is not too difficult to predict just suffice to say that in the end everything works out just perfectly br br this is a very modest little film from columbia pictures with a relatively small budget as well as second tier stars it's clearly a b movie despite there being small roles played by a mickey rooney and jane <unk> as both had yet to become famous now this is not and non to say that these are bad and tough actors or the production isn't any good in fact given the production values this is a pretty amazing film as everything seems to work so well despite having a pretty ordinary and somewhat predictable plot outline and scheme that's because the actors and director did a really good and in effect job lay the story across plus the writers do a good and full job of <unk> the characters and making you care about them the ending in particular and specific is really and in true argument sweet and practically had my rent and blood <unk> course because of these factors the film earn and clear a seven of honourable and good for you
116,33,1,1,False,0.9999938011169434,<start> the story is about a working girl ann <unk> who has a pretty <unk> boyfriend paul kelly this boyfriend is so busy trying to start his own business that again and again he forgets dates or shows up late the final straw is when <unk> has a birthday and kelly says he's too busy to take her out to celebrate so not wanting to just stay home she goes on a blind date with what turns out to be a very rich young man neil hamilton sparks fly but it also becomes apparent after <unk> breaks off her relationship with kelly that new boyfriend hamilton is a love 'em and leave 'em sort of guy how all this is finally resolved is not too difficult to predict just suffice to say that in the end everything works out just perfectly br br this is a very modest little film from columbia pictures with a relatively small budget as well as second tier stars it's clearly a b movie despite there being small roles played by a mickey rooney and jane <unk> as both had yet to become famous now this is not and non to say that these are bad and tough actors or the production isn't any good in fact given the production values this is a pretty amazing film as everything seems to work so well despite having a pretty ordinary and somewhat predictable plot outline and scheme that's because the actors and director did a really good and in effect job lay the story across plus the writers do a good and full job of <unk> the characters and making you care about them the ending in particular and specific is really and in true and admittedly argument sweet and practically had my rent and blood <unk> course because of these factors the film earn and clear a seven of honourable and good for you
116,34,1,1,False,0.9999946355819702,<start> the story is about a working girl ann <unk> who has a pretty <unk> boyfriend paul kelly this boyfriend is so busy trying to start his own business that again and again he forgets dates or shows up late the final straw is when <unk> has a birthday and kelly says he's too busy to take her out to celebrate so not wanting to just stay home she goes on a blind date with what turns out to be a very rich young man neil hamilton sparks fly but it also becomes apparent after <unk> breaks off her relationship with kelly that new boyfriend hamilton is a love 'em and leave 'em sort of guy how all this is finally resolved is not too difficult to predict just suffice to say that in the end everything works out just perfectly br br this is a very modest little film from columbia pictures with a relatively small budget as well as second tier stars it's clearly a b movie despite there being small roles played by a mickey rooney and jane <unk> as both had yet to become famous now this is not and non to say that these are bad and tough actors or the production isn't any good in fact given the production values this is a pretty amazing film as everything seems to work so well despite having a pretty ordinary and somewhat predictable plot draft and scheme that's because the actors and director did a really good and in effect job lay the story across plus the writers do a good and full job of <unk> the characters and making you care about them the ending in particular and specific is really and in true and admittedly argument sweet and practically had my rent and blood <unk> course because of these factors the film earn and clear a seven of honourable and good for you
116,35,1,1,False,0.9999969005584717,<start> the story is about a working girl ann <unk> who has a pretty <unk> boyfriend paul kelly this boyfriend is so busy trying to start his own business that again and again he forgets dates or shows up late the final straw is when <unk> has a birthday and kelly says he's too busy to take her out to celebrate so not wanting to just stay home she goes on a blind date with what turns out to be a very rich young man neil hamilton sparks fly but it also becomes apparent after <unk> breaks off her relationship with kelly that new boyfriend hamilton is a love 'em and leave 'em sort of guy how all this is finally resolved is not too difficult to predict just suffice to say that in the end everything works out just perfectly br br this is a very modest little film from columbia pictures with a relatively small budget as well as second tier stars it's clearly a b movie despite there being small roles played by a mickey rooney and jane <unk> as both had yet to become famous now this is not and non to say that these are bad and tough actors or the production isn't any good in fact given the production values this is a pretty amazing film as everything seems to work so well despite having a pretty ordinary and somewhat predictable plot draft and scheme that's because the actors and director did a really good and in effect job lay the story across plus the writers do a good and full job of <unk> the characters and making you care about them the ending in particular and specific is really and in true and admittedly argument sweet and practically had my rent and blood <unk> course because of these factors the film earn and clear a seven of honorable and good for you
116,36,1,1,False,0.9999967813491821,<start> the story is about a working girl ann <unk> who has a pretty <unk> boyfriend paul kelly this boyfriend is so busy trying to start his own business that again and again he forgets dates or shows up late the final straw is when <unk> has a birthday and kelly says he's too busy to take her out to celebrate so not wanting to just stay home she goes on a blind date with what turns out to be a very rich young man neil hamilton sparks fly but it also becomes apparent after <unk> breaks off her relationship with kelly that new boyfriend hamilton is a love 'em and leave 'em sort of guy how all this is finally resolved is not too difficult to predict just suffice to say that in the end everything works out just perfectly br br this is a very modest little film from columbia pictures with a relatively small budget as well as second tier stars it's clearly a b movie despite there being small roles played by a mickey rooney and jane <unk> as both had yet to become famous now this is not and non to say that these are bad and tough actors or the production isn't any good in fact given the production values this is a pretty amazing film as everything seems to work so well despite having a pretty ordinary and somewhat predictable plot draft and scheme that's because the actors and director did a really good and in effect job lay the story across plus the writers do a good and full job of <unk> the characters and making you care about them the ending in particular and specific is really and in true and admittedly argument sweet and practically had my rent and blood <unk> course because of these factors the film earn and clear a 7 of honorable and good for you
116,37,1,1,False,0.9999926090240479,<start> the story is about a working girl ann <unk> who has a pretty <unk> boyfriend paul kelly this boyfriend is so busy trying to start his own business that again and again he forgets dates or shows up late the final straw is when <unk> has a birthday and kelly says he's too busy to take her out to celebrate so not wanting to just stay home she goes on a blind date with what turns out to be a very rich young man neil hamilton sparks fly but it also becomes apparent after <unk> breaks off her relationship with kelly that new boyfriend hamilton is a love 'em and leave 'em sort of guy how all this is finally resolved is not too difficult to predict just suffice to say that in the end everything works out just perfectly br br this is a very modest little film from columbia pictures with a relatively small budget as well as second tier stars it's clearly a b movie despite there being small roles played by a mickey rooney and jane <unk> as both had yet to become famous now this is not and non to say that these are bad and tough actors or the production isn't any good in fact given the production values this is a pretty amazing film as everything seems to work so well despite having a pretty ordinary and somewhat predictable plot draft and scheme that's because the actors and director did a really good and in effect job lay the story across plus the writers do a good and full job of <unk> the characters and making you care about them the ending in particular and specific is really and in true and admittedly argument sweet and practically had my rent and blood <unk> course because of these factors the film earn and clear a 7 of honest and good for you
116,38,1,1,False,0.9999949932098389,<start> the story is about a working girl ann <unk> who has a pretty <unk> boyfriend paul kelly this boyfriend is so busy trying to start his own business that again and again he forgets dates or shows up late the final straw is when <unk> has a birthday and kelly says he's too busy to take her out to celebrate so not wanting to just stay home she goes on a blind date with what turns out to be a very rich young man neil hamilton sparks fly but it also becomes apparent after <unk> breaks off her relationship with kelly that new boyfriend hamilton is a love 'em and leave 'em sort of guy how all this is finally resolved is not too difficult to predict just suffice to say that in the end everything works out just perfectly br br this is a very modest little film from columbia pictures with a relatively small budget as well as second tier stars it's clearly a b movie despite there being small roles played by a mickey rooney and jane <unk> as both had yet to become famous now this is not and non to say that these are bad and tough actors or the production isn't any good in fact given the production values this is a pretty amazing film as everything seems to work so well despite having a pretty ordinary and somewhat predictable plot draft and scheme that's because the actors and director did a really good and in effect job lay the story across plus the writers do a good and full job of <unk> the characters and making you care about them the ending in particular and specific is really and in true and admittedly argument sweet and practically had my rent and blood <unk> course because of these factors the film earn and clear a 7 of true and good for you
116,39,1,1,False,0.9999946355819702,<start> the story is about a working girl ann <unk> who has a pretty <unk> boyfriend paul kelly this boyfriend is so busy trying to start his own business that again and again he forgets dates or shows up late the final straw is when <unk> has a birthday and kelly says he's too busy to take her out to celebrate so not wanting to just stay home she goes on a blind date with what turns out to be a very rich young man neil hamilton sparks fly but it also becomes apparent after <unk> breaks off her relationship with kelly that new boyfriend hamilton is a love 'em and leave 'em sort of guy how all this is finally resolved is not too difficult to predict just suffice to say that in the end everything works out just perfectly br br this is a very modest little film from columbia pictures with a relatively small budget as well as second tier stars it's clearly a b movie despite there being small roles played by a mickey rooney and jane <unk> as both had yet to become famous now this is not and non to say that these are bad and tough actors or the production isn't any good in fact given the production values this is a pretty amazing film as everything seems to work so well despite having a pretty ordinary and somewhat predictable plot draft and scheme that's because the actors and director did a really good and in effect job lay the story across plus the writers do a good and full job of <unk> the characters and making you care about them the ending in particular and specific is really and in true and admittedly argument sweet and practically had my rent and blood <unk> form because of these factors the film earn and clear a 7 of true and good for you
116,40,1,1,False,0.999993085861206,<start> the story is about a working girl ann <unk> who has a pretty <unk> boyfriend paul kelly this boyfriend is so busy trying to start his own business that again and again he forgets dates or shows up late the final straw is when <unk> has a birthday and kelly says he's too busy to take her out to celebrate so not wanting to just stay home she goes on a blind date with what turns out to be a very rich young man neil hamilton sparks fly but it also becomes apparent after <unk> breaks off her relationship with kelly that new boyfriend hamilton is a love 'em and leave 'em sort of guy how all this is finally resolved is not too difficult to predict just suffice to say that in the end everything works out just perfectly br br this is a very modest little film from columbia pictures with a relatively small budget as well as second tier stars it's clearly a b movie despite there being small roles played by a mickey rooney and jane <unk> as both had yet to become famous now this is not and non to say that these are bad and tough actors or the production isn't any good in fact given the production values this is a pretty amazing film as everything seems to work so well despite having a pretty ordinary and somewhat predictable plot draft and scheme that's because the actors and director did a really good and in effect job lay the story across plus the writers do a good and full job of <unk> the characters and making you care about them the ending in particular and specific is really and in true and admittedly argument sweet and practically had my rent and blood <unk> form because of these factors the film earn and clear a 7 of true and practiced for you
116,41,1,1,False,0.9999963045120239,<start> the story is about a working girl ann <unk> who has a pretty <unk> boyfriend paul kelly this boyfriend is so busy trying to start his own business that again and again he forgets dates or shows up late the final straw is when <unk> has a birthday and kelly says he's too busy to take her out to celebrate so not wanting to just stay home she goes on a blind date with what turns out to be a very rich young man neil hamilton sparks fly but it also becomes apparent after <unk> breaks off her relationship with kelly that new boyfriend hamilton is a love 'em and leave 'em sort of guy how all this is finally resolved is not too difficult to predict just suffice to say that in the end everything works out just perfectly br br this is a very modest little film from columbia pictures with a relatively small budget as well as second tier stars it's clearly a b movie despite there being small roles played by a mickey rooney and jane <unk> as both had yet to become famous now this is not and non to say that these are bad and tough actors or the production isn't any good in fact given the production values this is a pretty amazing film as everything seems to work so well despite having a pretty ordinary and somewhat predictable plot draft and scheme that's because the actors and director did a really good and in effect job lay the story across plus the writers do a good and full job of <unk> the characters and making you care about them the ending in particular and specific is really and in true and admittedly argument sweet and practically had my rent and blood <unk> form because of these factors the film earn and clear a 7 of true and apply for you
116,42,1,1,False,0.9999963045120239,<start> the story is about a working girl ann <unk> who has a pretty <unk> boyfriend paul kelly this boyfriend is so busy trying to start his own business that again and again he forgets dates or shows up late the final straw is when <unk> has a birthday and kelly says he's too busy to take her out to celebrate so not wanting to just stay home she goes on a blind date with what turns out to be a very rich young man neil hamilton sparks fly but it also becomes apparent after <unk> breaks off her relationship with kelly that new boyfriend hamilton is a love 'em and leave 'em sort of guy how all this is finally resolved is not too difficult to predict just suffice to say that in the end everything works out just perfectly br br this is a very modest little film from columbia pictures with a relatively small budget as well as second tier stars it's clearly a b movie despite there being small roles played by a mickey rooney and jane <unk> as both had yet to become famous now this is not and non to say that these are bad and tough actors or the production isn't any good in fact given the production values this is a pretty amaze film as everything seems to work so well despite having a pretty ordinary and somewhat predictable plot draft and scheme that's because the actors and director did a really good and in effect job lay the story across plus the writers do a good and full job of <unk> the characters and making you care about them the ending in particular and specific is really and in true and admittedly argument sweet and practically had my rent and blood <unk> form because of these factors the film earn and clear a 7 of true and apply for you
116,43,1,1,False,0.9999966621398926,<start> the story is about a working girl ann <unk> who has a pretty <unk> boyfriend paul kelly this boyfriend is so busy trying to start his own business that again and again he forgets dates or shows up late the final straw is when <unk> has a birthday and kelly says he's too busy to take her out to celebrate so not wanting to just stay home she goes on a blind date with what turns out to be a very rich young man neil hamilton sparks fly but it also becomes apparent after <unk> breaks off her relationship with kelly that new boyfriend hamilton is a love 'em and leave 'em sort of guy how all this is finally resolved is not too difficult to predict just suffice to say that in the end everything works out just perfectly br br this is a very modest little film from columbia pictures with a relatively small budget as well as second tier stars it's clearly a b movie despite there being small roles played by a mickey rooney and jane <unk> as both had yet to become famous now this is not and non to say that these are bad and tough actors or the production isn't any good in fact given the production values this is a pretty amaze film as everything seems to work so well despite having a pretty ordinary and somewhat predictable plot draft and scheme that's because the actors and director did a really good and in effect job lay the story across plus the writers do a good and full job of <unk> the characters and making you care about them the ending in particular and specific is really and in true and admittedly argument sweet and practically had my rent and blood <unk> form because of these factors the film earn and clear a seven of true and apply for you
116,44,1,1,False,0.9999967813491821,<start> the story is about a working girl ann <unk> who has a pretty <unk> boyfriend paul kelly this boyfriend is so busy trying to start his own business that again and again he forgets dates or shows up late the final straw is when <unk> has a birthday and kelly says he's too busy to take her out to celebrate so not wanting to just stay home she goes on a blind date with what turns out to be a very rich young man neil hamilton sparks fly but it also becomes apparent after <unk> breaks off her relationship with kelly that new boyfriend hamilton is a love 'em and leave 'em sort of guy how all this is finally resolved is not too difficult to predict just suffice to say that in the end everything works out just perfectly br br this is a very modest little film from columbia pictures with a relatively small budget as well as second tier stars it's clearly a b movie despite there being small roles played by a mickey rooney and jane <unk> as both had yet to become famous now this is not and non to say that these are bad and tough actors or the production isn't any good in fact given the production values this is a pretty amaze film as everything seems to work so well despite having a pretty ordinary and somewhat predictable plot draft and scheme that's because the actors and director did a really good and in effect job lay the story across plus the writers do a good and full job of <unk> the characters and making you care about them the ending in particular and specific is really and in true and true argument sweet and practically had my rent and blood <unk> form because of these factors the film earn and clear a seven of true and apply for you
116,45,1,1,False,0.999996542930603,<start> the story is about a working girl ann <unk> who has a pretty <unk> boyfriend paul kelly this boyfriend is so busy trying to start his own business that again and again he forgets dates or shows up late the final straw is when <unk> has a birthday and kelly says he's too busy to take her out to celebrate so not wanting to just stay home she goes on a blind date with what turns out to be a very rich young man neil hamilton sparks fly but it also becomes apparent after <unk> breaks off her relationship with kelly that new boyfriend hamilton is a love 'em and leave 'em sort of guy how all this is finally resolved is not too difficult to predict just suffice to say that in the end everything works out just perfectly br br this is a very modest little film from columbia pictures with a relatively small budget as well as second tier stars it's clearly a b movie despite there being small roles played by a mickey rooney and jane <unk> as both had yet to become famous now this is not and non to say that these are bad and tough actors or the production isn't any good in fact given the production values this is a pretty amaze film as everything seems to work so well despite having a pretty ordinary and somewhat predictable plot draft and scheme that's because the actors and director did a really good and in effect job lay the story across plus the writers do a good and full job of <unk> the characters and making you care about them the ending in particular and specific is really and in true and true argument sweet and practically had my rent and blood <unk> form because of these factors the take earn and clear a seven of true and apply for you
116,46,1,1,False,0.999996542930603,<start> the story is about a working girl ann <unk> who has a pretty <unk> boyfriend paul kelly this boyfriend is so busy trying to start his own business that again and again he forgets dates or shows up late the final straw is when <unk> has a birthday and kelly says he's too busy to take her out to celebrate so not wanting to just stay home she goes on a blind date with what turns out to be a very rich young man neil hamilton sparks fly but it also becomes apparent after <unk> breaks off her relationship with kelly that new boyfriend hamilton is a love 'em and leave 'em sort of guy how all this is finally resolved is not too difficult to predict just suffice to say that in the end everything works out just perfectly br br this is a very modest little film from columbia pictures with a relatively small budget as well as second tier stars it's clearly a b movie despite there being small roles played by a mickey rooney and jane <unk> as both had yet to become famous now this is not and non to say that these are bad and tough actors or the production isn't any good in fact given the production values this is a pretty amaze film as everything seems to work so well despite having a pretty ordinary and somewhat predictable plot draft and scheme that's because the actors and director did a really good and in effect job lay the story across plus the writers do a good and full job of <unk> the characters and making you care about them the ending in particular and specific is really and in true and true argument sweet and practically had my rent and blood <unk> form because of these factors the take make and clear a seven of true and apply for you
116,47,1,1,False,0.9999966621398926,<start> the story is about a working girl ann <unk> who has a pretty <unk> boyfriend paul kelly this boyfriend is so busy trying to start his own business that again and again he forgets dates or shows up late the final straw is when <unk> has a birthday and kelly says he's too busy to take her out to celebrate so not wanting to just stay home she goes on a blind date with what turns out to be a very rich young man neil hamilton sparks fly but it also becomes apparent after <unk> breaks off her relationship with kelly that new boyfriend hamilton is a love 'em and leave 'em sort of guy how all this is finally resolved is not too difficult to predict just suffice to say that in the end everything works out just perfectly br br this is a very modest little film from columbia pictures with a relatively small budget as well as second tier stars it's clearly a b movie despite there being small roles played by a mickey rooney and jane <unk> as both had yet to become famous now this is not and non to say that these are bad and tough actors or the production isn't any good in fact given the production values this is a pretty amaze film as everything seems to work so well despite having a pretty ordinary and somewhat predictable plot draft and scheme that's because the actors and director did a really good and in effect job lay the story across plus the writers do a good and full job of <unk> the characters and making you care about them the ending in particular and specific is really and in true and true argument and tilt sweet and practically had my rent and blood <unk> form because of these factors the take make and clear a seven of true and apply for you
116,48,1,1,False,0.9999947547912598,<start> the story is about a working girl ann <unk> who has a pretty <unk> boyfriend paul kelly this boyfriend is so busy trying to start his own business that again and again he forgets dates or shows up late the final straw is when <unk> has a birthday and kelly says he's too busy to take her out to celebrate so not wanting to just stay home she goes on a blind date with what turns out to be a very rich young man neil hamilton sparks fly but it also becomes apparent after <unk> breaks off her relationship with kelly that new boyfriend hamilton is a love 'em and leave 'em sort of guy how all this is finally resolved is not too difficult to predict just suffice to say that in the end everything works out just perfectly br br this is a very modest little film from columbia pictures with a relatively small budget as well as second tier stars it's clearly a b movie despite there being small roles played by a mickey rooney and jane <unk> as both had yet to become famous now this is not and non to say that these are bad and tough actors or the production isn't any good in fact given the production values this is a pretty amaze film as everything seems to work so well despite having a pretty ordinary and somewhat predictable plot draft and scheme that's because the actors and director did a really good and in effect job lay the story across plus the writers do a good and full job of <unk> the characters and making you care about them the ending in particular and specific is really and in true and true argument and tilt sweet and practically had my rent and blood <unk> form because of these factors the take take a leak and clear a seven of true and apply for you
116,49,1,1,False,0.9999947547912598,<start> the story is about a working girl ann <unk> who has a pretty <unk> boyfriend paul kelly this boyfriend is so busy trying to start his own business that again and again he forgets dates or shows up late the final straw is when <unk> has a birthday and kelly says he's too busy to take her out to celebrate so not wanting to just stay home she goes on a blind date with what turns out to be a very rich young man neil hamilton sparks fly but it also becomes apparent after <unk> breaks off her relationship with kelly that new boyfriend hamilton is a love 'em and leave 'em sort of guy how all this is finally resolved is not too difficult to predict just suffice to say that in the end everything works out just perfectly br br this is a very modest little film from columbia pictures with a relatively small budget as well as second tier stars it's clearly a b movie despite there being small roles played by a mickey rooney and jane <unk> as both had yet to become famous now this is not and non to say that these are bad and tough actors or the production isn't any good in fact given the production values this is a pretty amaze film as everything seems to work so well despite having a pretty ordinary and somewhat predictable plot draft and scheme that's because the actors and director did a really good and in effect job lay the story across plus the writers do a good and full job of <unk> the characters and making you care about them the ending in particular and specific is really and in true and true argument and tilt sweet and practically had my rent and ancestry <unk> form because of these factors the take take a leak and clear a seven of true and apply for you
116,50,1,1,False,0.9999948740005493,<start> the story is about a working girl ann <unk> who has a pretty <unk> boyfriend paul kelly this boyfriend is so busy trying to start his own business that again and again he forgets dates or shows up late the final straw is when <unk> has a birthday and kelly says he's too busy to take her out to celebrate so not wanting to just stay home she goes on a blind date with what turns out to be a very rich young man neil hamilton sparks fly but it also becomes apparent after <unk> breaks off her relationship with kelly that new boyfriend hamilton is a love 'em and leave 'em sort of guy how all this is finally resolved is not too difficult to predict just suffice to say that in the end everything works out just perfectly br br this is a very modest little film from columbia pictures with a relatively small budget as well as second tier stars it's clearly a b movie despite there being small roles played by a mickey rooney and jane <unk> as both had yet to become famous now this is not and non to say that these are bad and tough actors or the production isn't any good in fact given the production values this is a pretty amaze film as everything seems to work so well despite having a pretty ordinary and somewhat predictable plot draft and scheme that's because the actors and director did a really good and in effect job lay the story across plus the writers do a good and full job of <unk> the characters and making you care about them the ending in particular and specific is really and in true and true argument and tilt sweet and much had my rent and ancestry <unk> form because of these factors the take take a leak and clear a seven of true and apply for you
116,51,1,1,False,0.9999934434890747,<start> the story is about a working girl ann <unk> who has a pretty <unk> boyfriend paul kelly this boyfriend is so busy trying to start his own business that again and again he forgets dates or shows up late the final straw is when <unk> has a birthday and kelly says he's too busy to take her out to celebrate so not wanting to just stay home she goes on a blind date with what turns out to be a very rich young man neil hamilton sparks fly but it also becomes apparent after <unk> breaks off her relationship with kelly that new boyfriend hamilton is a love 'em and leave 'em sort of guy how all this is finally resolved is not too difficult to predict just suffice to say that in the end everything works out just perfectly br br this is a very modest little film from columbia pictures with a relatively small budget as well as second tier stars it's clearly a b movie despite there being small roles played by a mickey rooney and jane <unk> as both had yet to become famous now this is not and non to say that these are bad and tough actors or the production isn't any good in fact given the production values this is a pretty amaze film as everything seems to work so well despite having a pretty ordinary and somewhat predictable plot draft and scheme that's because the actors and director did a really good and in effect job lay the story across plus the writers do a good and full job of <unk> the characters and making you care about them the ending in particular and specific is really and in true and true argument and tilt angelic and much had my rent and ancestry <unk> form because of these factors the take take a leak and clear a seven of true and apply for you
116,52,1,1,False,0.9999921321868896,<start> the story is about a working girl ann <unk> who has a pretty <unk> boyfriend paul kelly this boyfriend is so busy trying to start his own business that again and again he forgets dates or shows up late the final straw is when <unk> has a birthday and kelly says he's too busy to take her out to celebrate so not wanting to just stay home she goes on a blind date with what turns out to be a very rich young man neil hamilton sparks fly but it also becomes apparent after <unk> breaks off her relationship with kelly that new boyfriend hamilton is a love 'em and leave 'em sort of guy how all this is finally resolved is not too difficult to predict just suffice to say that in the end everything works out just perfectly br br this is a very modest little film from columbia pictures with a relatively small budget as well as second tier stars it's clearly a b movie despite there being small roles played by a mickey rooney and jane <unk> as both had yet to become famous now this is not and non to say that these are bad and tough actors or the production isn't any good in fact given the production values this is a pretty amaze film as everything seems to work so well despite having a pretty ordinary and somewhat predictable plot draft and scheme that's because the actors and director did a really good and in effect job lay the story across plus the writers do a good and full job of <unk> the characters and making you care about them the ending in particular and specific is really and in true and true argument and tilt angelic and much had my rent and ancestry <unk> form because of these factors the aim take a leak and clear a seven of true and apply for you
116,53,1,1,False,0.9999918937683105,<start> the story is about a working girl ann <unk> who has a pretty <unk> boyfriend paul kelly this boyfriend is so busy trying to start his own business that again and again he forgets dates or shows up late the final straw is when <unk> has a birthday and kelly says he's too busy to take her out to celebrate so not wanting to just stay home she goes on a blind date with what turns out to be a very rich young man neil hamilton sparks fly but it also becomes apparent after <unk> breaks off her relationship with kelly that new boyfriend hamilton is a love 'em and leave 'em sort of guy how all this is finally resolved is not too difficult to predict just suffice to say that in the end everything works out just perfectly br br this is a very modest little film from columbia pictures with a relatively small budget as well as second tier stars it's clearly a b movie despite there being small roles played by a mickey rooney and jane <unk> as both had yet to become famous now this is not and non to say that these are bad and tough actors or the production isn't any good in fact given the production values this is a pretty amaze film as everything seems to work so well despite having a pretty ordinary and somewhat predictable plot draft and scheme that's because the actors and director did a really good and in effect job lay the story across plus the writers do a good and full job of <unk> the characters and making you care about them the ending in particular and specific is really and in true and true argument and pitch angelic and much had my rent and ancestry <unk> form because of these factors the aim take a leak and clear a seven of true and apply for you
116,54,1,1,False,0.9999946355819702,<start> the story is about a working girl ann <unk> who has a pretty <unk> boyfriend paul kelly this boyfriend is so busy trying to start his own business that again and again he forgets dates or shows up late the final straw is when <unk> has a birthday and kelly says he's too busy to take her out to celebrate so not wanting to just stay home she goes on a blind date with what turns out to be a very rich young man neil hamilton sparks fly but it also becomes apparent after <unk> breaks off her relationship with kelly that new boyfriend hamilton is a love 'em and leave 'em sort of guy how all this is finally resolved is not too difficult to predict just suffice to say that in the end everything works out just perfectly br br this is a very modest little film from columbia pictures with a relatively small budget as well as second tier stars it's clearly a b movie despite there being small roles played by a mickey rooney and jane <unk> as both had yet to become famous now this is not and non to say that these are bad and tough actors or the production isn't any good in fact given the production values this is a pretty amaze film as everything seems to work so well despite having a pretty ordinary and somewhat predictable plot draft and scheme that's because the actors and director did a really good and in effect job lay the story across plus the writers do a good and full job of <unk> the characters and making you care about them the ending in particular and specific is really and in true and true argument and pitch angelic and much had my rent and ancestry <unk> form because of these factors the aim take a leak and clear a 7 of true and apply for you
116,55,1,1,False,0.9999918937683105,<start> the story is about a working girl ann <unk> who has a pretty <unk> boyfriend paul kelly this boyfriend is so busy trying to start his own business that again and again he forgets dates or shows up late the final straw is when <unk> has a birthday and kelly says he's too busy to take her out to celebrate so not wanting to just stay home she goes on a blind date with what turns out to be a very rich young man neil hamilton sparks fly but it also becomes apparent after <unk> breaks off her relationship with kelly that new boyfriend hamilton is a love 'em and leave 'em sort of guy how all this is finally resolved is not too difficult to predict just suffice to say that in the end everything works out just perfectly br br this is a very modest little film from columbia pictures with a relatively small budget as well as second tier stars it's clearly a b movie despite there being small roles played by a mickey rooney and jane <unk> as both had yet to become famous now this is not and non to say that these are bad and tough actors or the production isn't any good in fact given the production values this is a pretty amaze film as everything seems to work so well despite having a pretty ordinary and somewhat predictable plot draft and scheme that's because the actors and director did a really good and in effect job lay the story across plus the writers do a good and full job of <unk> the characters and making you care about them the ending in particular and specific is really and in true and true argument and pitch angelic and much had my rent and ancestry <unk> form because of these factors the aim take a leak and clear a seven of true and apply for you
116,56,1,1,False,0.9999934434890747,<start> the story is about a working girl ann <unk> who has a pretty <unk> boyfriend paul kelly this boyfriend is so busy trying to start his own business that again and again he forgets dates or shows up late the final straw is when <unk> has a birthday and kelly says he's too busy to take her out to celebrate so not wanting to just stay home she goes on a blind date with what turns out to be a very rich young man neil hamilton sparks fly but it also becomes apparent after <unk> breaks off her relationship with kelly that new boyfriend hamilton is a love 'em and leave 'em sort of guy how all this is finally resolved is not too difficult to predict just suffice to say that in the end everything works out just perfectly br br this is a very modest little film from columbia pictures with a relatively small budget as well as second tier stars it's clearly a b movie despite there being small roles played by a mickey rooney and jane <unk> as both had yet to become famous now this is not and non to say that these are bad and tough actors or the production isn't any good in fact given the production values this is a pretty amaze film as everything seems to work so well despite having a pretty ordinary and somewhat predictable plot draft and scheme that's because the actors and director did a really good and in effect job lay the story across plus the writers do a good and full job of <unk> the characters and making you care about them the ending in particular and specific is really and in true and true argument and pitch angelic and much had my rent and ancestry <unk> form because of these factors the purpose take a leak and clear a seven of true and apply for you
116,57,1,1,False,0.9999964237213135,<start> the story is about a working girl ann <unk> who has a pretty <unk> boyfriend paul kelly this boyfriend is so busy trying to start his own business that again and again he forgets dates or shows up late the final straw is when <unk> has a birthday and kelly says he's too busy to take her out to celebrate so not wanting to just stay home she goes on a blind date with what turns out to be a very rich young man neil hamilton sparks fly but it also becomes apparent after <unk> breaks off her relationship with kelly that new boyfriend hamilton is a love 'em and leave 'em sort of guy how all this is finally resolved is not too difficult to predict just suffice to say that in the end everything works out just perfectly br br this is a very modest little film from columbia pictures with a relatively small budget as well as second tier stars it's clearly a b movie despite there being small roles played by a mickey rooney and jane <unk> as both had yet to become famous now this is not and non to say that these are bad and tough actors or the production isn't any good in fact given the production values this is a pretty amaze film as everything seems to work so well despite having a pretty ordinary and somewhat predictable plot draft and scheme that's because the actors and director did a really good and in effect job lay the story across plus the writers do a good and full job of <unk> the characters and making you care about them the ending in particular and specific is really and in true and true argument and pitch angelic and much had my rent and ancestry <unk> form because of these factors the purpose take a escape and clear a seven of true and apply for you
116,58,1,1,False,0.9999960660934448,<start> the story is about a working girl ann <unk> who has a pretty <unk> boyfriend paul kelly this boyfriend is so busy trying to start his own business that again and again he forgets dates or shows up late the final straw is when <unk> has a birthday and kelly says he's too busy to take her out to celebrate so not wanting to just stay home she goes on a blind date with what turns out to be a very rich young man neil hamilton sparks fly but it also becomes apparent after <unk> breaks off her relationship with kelly that new boyfriend hamilton is a love 'em and leave 'em sort of guy how all this is finally resolved is not too difficult to predict just suffice to say that in the end everything works out just perfectly br br this is a very modest little film from columbia pictures with a relatively small budget as well as second tier stars it's clearly a b movie despite there being small roles played by a mickey rooney and jane <unk> as both had yet to become famous now this is not and non to say that these are bad and tough actors or the production isn't any good in fact given the production values this is a pretty amaze film as everything seems to work so well despite having a pretty ordinary and somewhat predictable plot draft and scheme that's because the actors and director did a really good and in effect job lay the story across plus the writers do a good and full job of <unk> the characters and making you care about them the ending in particular and specific is really and in true and true argument and pitch angelic and much had my rent and ancestry <unk> form because of these factors the purpose take a escape and clear a 7 of true and apply for you
116,59,1,1,False,0.9999964237213135,<start> the story is about a working girl ann <unk> who has a pretty <unk> boyfriend paul kelly this boyfriend is so busy trying to start his own business that again and again he forgets dates or shows up late the final straw is when <unk> has a birthday and kelly says he's too busy to take her out to celebrate so not wanting to just stay home she goes on a blind date with what turns out to be a very rich young man neil hamilton sparks fly but it also becomes apparent after <unk> breaks off her relationship with kelly that new boyfriend hamilton is a love 'em and leave 'em sort of guy how all this is finally resolved is not too difficult to predict just suffice to say that in the end everything works out just perfectly br br this is a very modest little film from columbia pictures with a relatively small budget as well as second tier stars it's clearly a b movie despite there being small roles played by a mickey rooney and jane <unk> as both had yet to become famous now this is not and non to say that these are bad and tough actors or the production isn't any good in fact given the production values this is a pretty amaze film as everything seems to work so well despite having a pretty ordinary and somewhat predictable plot draft and scheme that's because the actors and director did a really good and in effect job lay the story across plus the writers do a good and full job of <unk> the characters and making you care about them the ending in particular and specific is really and in true and true argument and pitch angelic and much had my rent and ancestry <unk> form because of these factors the purpose take a escape and clear a seven of true and apply for you
116,60,1,1,False,0.9999951124191284,<start> the story is about a working girl ann <unk> who has a pretty <unk> boyfriend paul kelly this boyfriend is so busy trying to start his own business that again and again he forgets dates or shows up late the final straw is when <unk> has a birthday and kelly says he's too busy to take her out to celebrate so not wanting to just stay home she goes on a blind date with what turns out to be a very rich young man neil hamilton sparks fly but it also becomes apparent after <unk> breaks off her relationship with kelly that new boyfriend hamilton is a love 'em and leave 'em sort of guy how all this is finally resolved is not too difficult to predict just suffice to say that in the end everything works out just perfectly br br this is a very modest little film from columbia pictures with a relatively small budget as well as second tier stars it's clearly a b movie despite there being small roles played by a mickey rooney and jane <unk> as both had yet to become famous now this is not and non to say that these are bad and tough actors or the production isn't any good in fact given the production values this is a pretty amaze film as everything seems to work so well despite having a pretty ordinary and somewhat predictable plot draft and scheme that's because the actors and director did a really good and in effect job lay the story across plus the writers do a good and full job of <unk> the characters and making you care about them the ending in particular and specific is really and in true and true argument and pitch angelic and much had my rent and ancestry <unk> form because of these factors the purpose take a escape and clear a seven of honest and apply for you
116,61,1,1,False,0.999995231628418,<start> the story is about a working girl ann <unk> who has a pretty <unk> boyfriend paul kelly this boyfriend is so busy trying to start his own business that again and again he forgets dates or shows up late the final straw is when <unk> has a birthday and kelly says he's too busy to take her out to celebrate so not wanting to just stay home she goes on a blind date with what turns out to be a very rich young man neil hamilton sparks fly but it also becomes apparent after <unk> breaks off her relationship with kelly that new boyfriend hamilton is a love 'em and leave 'em sort of guy how all this is finally resolved is not too difficult to predict just suffice to say that in the end everything works out just perfectly br br this is a very modest little film from columbia pictures with a relatively small budget as well as second tier stars it's clearly a b movie despite there being small roles played by a mickey rooney and jane <unk> as both had yet to become famous now this is not and non to say that these are bad and tough actors or the production isn't any good in fact given the production values this is a pretty amaze film as everything seems to work so well despite having a pretty ordinary and somewhat predictable plot draft and scheme that's because the actors and director did a really good and in effect job lay the story across plus the writers do a good and full job of <unk> the characters and making you care about them the ending in particular and specific is really and in genuine and true argument and pitch angelic and much had my rent and ancestry <unk> form because of these factors the purpose take a escape and clear a seven of honest and apply for you
116,62,1,1,False,0.9999942779541016,<start> the story is about a working girl ann <unk> who has a pretty <unk> boyfriend paul kelly this boyfriend is so busy trying to start his own business that again and again he forgets dates or shows up late the final straw is when <unk> has a birthday and kelly says he's too busy to take her out to celebrate so not wanting to just stay home she goes on a blind date with what turns out to be a very rich young man neil hamilton sparks fly but it also becomes apparent after <unk> breaks off her relationship with kelly that new boyfriend hamilton is a love 'em and leave 'em sort of guy how all this is finally resolved is not too difficult to predict just suffice to say that in the end everything works out just perfectly br br this is a very modest little film from columbia pictures with a relatively small budget as well as second tier stars it's clearly a b movie despite there being small roles played by a mickey rooney and jane <unk> as both had yet to become famous now this is not and non to say that these are bad and tough actors or the production isn't any good in fact given the production values this is a pretty amaze film as everything seems to work so well despite having a pretty ordinary and somewhat predictable plot draft and scheme that's because the actors and director did a really good and in effect job lay the story across plus the writers do a good and full job of <unk> the characters and making you care about them the ending in particular and specific is really and in genuine and true argument and pitch angelic and much had my rent and ancestry <unk> form because of these factors the purpose take a escape and clear a 7 of honest and apply for you
116,63,1,1,False,0.9999943971633911,<start> the story is about a working girl ann <unk> who has a pretty <unk> boyfriend paul kelly this boyfriend is so busy trying to start his own business that again and again he forgets dates or shows up late the final straw is when <unk> has a birthday and kelly says he's too busy to take her out to celebrate so not wanting to just stay home she goes on a blind date with what turns out to be a very rich young man neil hamilton sparks fly but it also becomes apparent after <unk> breaks off her relationship with kelly that new boyfriend hamilton is a love 'em and leave 'em sort of guy how all this is finally resolved is not too difficult to predict just suffice to say that in the end everything works out just perfectly br br this is a very modest little film from columbia pictures with a relatively small budget as well as second tier stars it's clearly a b movie despite there being small roles played by a mickey rooney and jane <unk> as both had yet to become famous now this is not and non to say that these are bad and tough actors or the production isn't any good in fact given the production values this is a pretty amaze film as everything seems to work so well despite having a pretty ordinary and somewhat predictable plot draft and scheme that's because the actors and director did a really good and in effect job lay the story across plus the writers do a good and full job of <unk> the characters and making you care about them the ending in particular and specific is really and in genuine and true contention and pitch angelic and much had my rent and ancestry <unk> form because of these factors the purpose take a escape and clear a 7 of honest and apply for you
116,64,1,1,False,0.9999953508377075,<start> the story is about a working girl ann <unk> who has a pretty <unk> boyfriend paul kelly this boyfriend is so busy trying to start his own business that again and again he forgets dates or shows up late the final straw is when <unk> has a birthday and kelly says he's too busy to take her out to celebrate so not wanting to just stay home she goes on a blind date with what turns out to be a very rich young man neil hamilton sparks fly but it also becomes apparent after <unk> breaks off her relationship with kelly that new boyfriend hamilton is a love 'em and leave 'em sort of guy how all this is finally resolved is not too difficult to predict just suffice to say that in the end everything works out just perfectly br br this is a very modest little film from columbia pictures with a relatively small budget as well as second tier stars it's clearly a b movie despite there being small roles played by a mickey rooney and jane <unk> as both had yet to become famous now this is not and non to say that these are bad and tough actors or the production isn't any good in fact given the production values this is a pretty amaze film as everything seems to work so well despite having a pretty ordinary and somewhat predictable plot draft and scheme that's because the actors and director did a really good and in effect job lay the story across plus the writers do a good and full job of <unk> the characters and making you care about them the ending in particular and specific is really and in genuine and true contention and pitch angelic and much had my rent and ancestry <unk> form because of these factors the purpose take a escape and clear a seven of honest and apply for you
116,65,1,1,False,0.9999954700469971,<start> the story is about a working girl ann <unk> who has a pretty <unk> boyfriend paul kelly this boyfriend is so busy trying to start his own business that again and again he forgets dates or shows up late the final straw is when <unk> has a birthday and kelly says he's too busy to take her out to celebrate so not wanting to just stay home she goes on a blind date with what turns out to be a very rich young man neil hamilton sparks fly but it also becomes apparent after <unk> breaks off her relationship with kelly that new boyfriend hamilton is a love 'em and leave 'em sort of guy how all this is finally resolved is not too difficult to predict just suffice to say that in the end everything works out just perfectly br br this is a very modest little film from columbia pictures with a relatively small budget as well as second tier stars it's clearly a b movie despite there being small roles played by a mickey rooney and jane <unk> as both had yet to become famous now this is not and non to say that these are bad and tough actors or the production isn't any good in fact given the production values this is a pretty amaze film as everything seems to work so well despite having a pretty ordinary and somewhat predictable plot draft and scheme that's because the actors and director did a really good and in effect job lay the story across plus the writers do a good and full job of <unk> the characters and making you care about them the ending in particular and specific is really and in genuine and true contention and pitch angelic and much had my rent and ancestry <unk> form because of these factors the purpose and resolve take a escape and clear a seven of honest and apply for you
116,66,1,1,False,0.9999958276748657,<start> the story is about a working girl ann <unk> who has a pretty <unk> boyfriend paul kelly this boyfriend is so busy trying to start his own business that again and again he forgets dates or shows up late the final straw is when <unk> has a birthday and kelly says he's too busy to take her out to celebrate so not wanting to just stay home she goes on a blind date with what turns out to be a very rich young man neil hamilton sparks fly but it also becomes apparent after <unk> breaks off her relationship with kelly that new boyfriend hamilton is a love 'em and leave 'em sort of guy how all this is finally resolved is not too difficult to predict just suffice to say that in the end everything works out just perfectly br br this is a very modest little film from columbia pictures with a relatively small budget as well as second tier stars it's clearly a b movie despite there being small roles played by a mickey rooney and jane <unk> as both had yet to become famous now this is not and non to say that these are bad and tough actors or the production isn't any good in fact given the production values this is a pretty amaze film as everything seems to work so well despite having a pretty ordinary and somewhat predictable plot draft and scheme that's because the actors and director did a really good and in effect job lay the story across plus the writers do a good and full job of <unk> the characters and making you care about them the ending in particular and specific is really and in genuine and true contention and slant angelic and much had my rent and ancestry <unk> form because of these factors the purpose and resolve take a escape and clear a seven of honest and apply for you
116,67,1,1,False,0.9999958276748657,<start> the story is about a working girl ann <unk> who has a pretty <unk> boyfriend paul kelly this boyfriend is so busy trying to start his own business that again and again he forgets dates or shows up late the final straw is when <unk> has a birthday and kelly says he's too busy to take her out to celebrate so not wanting to just stay home she goes on a blind date with what turns out to be a very rich young man neil hamilton sparks fly but it also becomes apparent after <unk> breaks off her relationship with kelly that new boyfriend hamilton is a love 'em and leave 'em sort of guy how all this is finally resolved is not too difficult to predict just suffice to say that in the end everything works out just perfectly br br this is a very modest little film from columbia pictures with a relatively small budget as well as second tier stars it's clearly a b movie despite there being small roles played by a mickey rooney and jane <unk> as both had yet to become famous now this is not and non to say that these are bad and tough actors or the production isn't any good in fact given the production values this is a pretty amaze film as everything seems to work so well despite having a pretty ordinary and somewhat predictable plot draft and scheme that's because the actors and director did a really good and in effect job lay the story across plus the writers do a good and full job of <unk> the characters and making you care about them the ending in particular and specific is really and in genuine and true tilt and slant angelic and much had my rent and ancestry <unk> form because of these factors the purpose and resolve take a escape and clear a seven of honest and apply for you
116,68,1,1,False,0.9999823570251465,<start> the story is about a working girl ann <unk> who has a pretty <unk> boyfriend paul kelly this boyfriend is so busy trying to start his own business that again and again he forgets dates or shows up late the final straw is when <unk> has a birthday and kelly says he's too busy to take her out to celebrate so not wanting to just stay home she goes on a blind date with what turns out to be a very rich young man neil hamilton sparks fly but it also becomes apparent after <unk> breaks off her relationship with kelly that new boyfriend hamilton is a love 'em and leave 'em sort of guy how all this is finally resolved is not too difficult to predict just suffice to say that in the end everything works out just perfectly br br this is a very modest little film from columbia pictures with a relatively small budget as well as second tier stars it's clearly a b movie despite there being small roles played by a mickey rooney and jane <unk> as both had yet to become famous now this is not and non to say that these are bad and tough actors or the production isn't any good in fact given the production values this is a pretty amaze film as everything seems to work so well despite having a pretty ordinary and somewhat predictable plot draft and scheme that's because the actors and director did a really good and in effect job lay the story across plus the writers do a good and full job of <unk> the characters and making you care about them the ending in particular and specific is really and in genuine and true tilt and slant angelic and much had my rent and ancestry <unk> form because of these factors the purpose and resolve take a escape and clear a seven of honest and use for you
116,69,1,1,False,0.9999814033508301,<start> the story is about a working girl ann <unk> who has a pretty <unk> boyfriend paul kelly this boyfriend is so busy trying to start his own business that again and again he forgets dates or shows up late the final straw is when <unk> has a birthday and kelly says he's too busy to take her out to celebrate so not wanting to just stay home she goes on a blind date with what turns out to be a very rich young man neil hamilton sparks fly but it also becomes apparent after <unk> breaks off her relationship with kelly that new boyfriend hamilton is a love 'em and leave 'em sort of guy how all this is finally resolved is not too difficult to predict just suffice to say that in the end everything works out just perfectly br br this is a very modest little film from columbia pictures with a relatively small budget as well as second tier stars it's clearly a b movie despite there being small roles played by a mickey rooney and jane <unk> as both had yet to become famous now this is not and non to say that these are bad and tough actors or the production isn't any good in fact given the production values this is a pretty amaze film as everything seems to work so well despite having a pretty ordinary and somewhat predictable plot draft and scheme that's because the actors and manager did a really good and in effect job lay the story across plus the writers do a good and full job of <unk> the characters and making you care about them the ending in particular and specific is really and in genuine and true tilt and slant angelic and much had my rent and ancestry <unk> form because of these factors the purpose and resolve take a escape and clear a seven of honest and use for you
116,70,1,1,False,0.9999822378158569,<start> the story is about a working girl ann <unk> who has a pretty <unk> boyfriend paul kelly this boyfriend is so busy trying to start his own business that again and again he forgets dates or shows up late the final straw is when <unk> has a birthday and kelly says he's too busy to take her out to celebrate so not wanting to just stay home she goes on a blind date with what turns out to be a very rich young man neil hamilton sparks fly but it also becomes apparent after <unk> breaks off her relationship with kelly that new boyfriend hamilton is a love 'em and leave 'em sort of guy how all this is finally resolved is not too difficult to predict just suffice to say that in the end everything works out just perfectly br br this is a very modest little film from columbia pictures with a relatively small budget as well as second tier stars it's clearly a b movie despite there being small roles played by a mickey rooney and jane <unk> as both had yet to become famous now this is not and non to say that these are bad and tough actors or the production isn't any good in fact given the production values this is a pretty amaze film as everything seems to work so well despite having a pretty ordinary and somewhat predictable plot draft and scheme that's because the actors and managing director did a really good and in effect job lay the story across plus the writers do a good and full job of <unk> the characters and making you care about them the ending in particular and specific is really and in genuine and true tilt and slant angelic and much had my rent and ancestry <unk> form because of these factors the purpose and resolve take a escape and clear a seven of honest and use for you
116,71,1,1,False,0.9999831914901733,<start> the story is about a working girl ann <unk> who has a pretty <unk> boyfriend paul kelly this boyfriend is so busy trying to start his own business that again and again he forgets dates or shows up late the final straw is when <unk> has a birthday and kelly says he's too busy to take her out to celebrate so not wanting to just stay home she goes on a blind date with what turns out to be a very rich young man neil hamilton sparks fly but it also becomes apparent after <unk> breaks off her relationship with kelly that new boyfriend hamilton is a love 'em and leave 'em sort of guy how all this is finally resolved is not too difficult to predict just suffice to say that in the end everything works out just perfectly br br this is a very modest little film from columbia pictures with a relatively small budget as well as second tier stars it's clearly a b movie despite there being small roles played by a mickey rooney and jane <unk> as both had yet to become famous now this is not and non to say that these are bad and tough actors or the production isn't any good in fact given the production values this is a pretty amaze film as everything seems to work so well despite having a pretty ordinary and somewhat predictable plot draft and scheme that's because the actors and managing director did a really good and in effect job lay the story across plus the writers do a good and full job of <unk> the characters and making you care about them the ending in particular and specific is really and in genuine and true tilt and slant angelic and much had my rent and ancestry <unk> form and cast because of these factors the purpose and resolve take a escape and clear a seven of honest and use for you
116,72,1,1,False,0.9999747276306152,<start> the story is about a working girl ann <unk> who has a pretty <unk> boyfriend paul kelly this boyfriend is so busy trying to start his own business that again and again he forgets dates or shows up late the final straw is when <unk> has a birthday and kelly says he's too busy to take her out to celebrate so not wanting to just stay home she goes on a blind date with what turns out to be a very rich young man neil hamilton sparks fly but it also becomes apparent after <unk> breaks off her relationship with kelly that new boyfriend hamilton is a love 'em and leave 'em sort of guy how all this is finally resolved is not too difficult to predict just suffice to say that in the end everything works out just perfectly br br this is a very modest little film from columbia pictures with a relatively small budget as well as second tier stars it's clearly a b movie despite there being small roles played by a mickey rooney and jane <unk> as both had yet to become famous now this is not and non to say that these are bad and tough actors or the production isn't any good in fact given the production values this is a pretty amaze film as everything seems to work so well despite having a pretty ordinary and somewhat predictable plot draft and scheme that's because the actors and managing director did a really good and in effect job lay the story across plus the writers do a good and full job of <unk> the characters and making you care about them the ending in particular and specific is really and in genuine and true tilt and slant angelic and much had my rent and ancestry <unk> form and cast because of these factors the purpose and decide take a escape and clear a seven of honest and use for you
116,73,1,1,False,0.9999701976776123,<start> the story is about a working girl ann <unk> who has a pretty <unk> boyfriend paul kelly this boyfriend is so busy trying to start his own business that again and again he forgets dates or shows up late the final straw is when <unk> has a birthday and kelly says he's too busy to take her out to celebrate so not wanting to just stay home she goes on a blind date with what turns out to be a very rich young man neil hamilton sparks fly but it also becomes apparent after <unk> breaks off her relationship with kelly that new boyfriend hamilton is a love 'em and leave 'em sort of guy how all this is finally resolved is not too difficult to predict just suffice to say that in the end everything works out just perfectly br br this is a very modest little film from columbia pictures with a relatively small budget as well as second tier stars it's clearly a b movie despite there being small roles played by a mickey rooney and jane <unk> as both had yet to become famous now this is not and non to say that these are bad and tough actors or the production isn't any good in fact given the production values this is a pretty amaze film as everything seems to work so well despite having a pretty ordinary and somewhat predictable plot draft and scheme that's because the actors and managing director did a really good and in effect job lay the story across plus the writers do a good and full job of <unk> the characters and making you care about them the ending in particular and specific is really and in genuine and dead on target tilt and slant angelic and much had my rent and ancestry <unk> form and cast because of these factors the purpose and decide take a escape and clear a seven of honest and use for you
116,74,1,1,False,0.9999743700027466,<start> the story is about a working girl ann <unk> who has a pretty <unk> boyfriend paul kelly this boyfriend is so busy trying to start his own business that again and again he forgets dates or shows up late the final straw is when <unk> has a birthday and kelly says he's too busy to take her out to celebrate so not wanting to just stay home she goes on a blind date with what turns out to be a very rich young man neil hamilton sparks fly but it also becomes apparent after <unk> breaks off her relationship with kelly that new boyfriend hamilton is a love 'em and leave 'em sort of guy how all this is finally resolved is not too difficult to predict just suffice to say that in the end everything works out just perfectly br br this is a very modest little film from columbia pictures with a relatively small budget as well as second tier stars it's clearly a b movie despite there being small roles played by a mickey rooney and jane <unk> as both had yet to become famous now this is not and non to say that these are bad and tough actors or the production isn't any good in fact given the production values this is a pretty amaze film as everything seems to work so well despite having a pretty ordinary and somewhat predictable plot draft and scheme that's because the actors and managing director did a really good and in effect job lay the story across plus the writers do a good and full job of <unk> the characters and making you charge about them the ending in particular and specific is really and in genuine and dead on target tilt and slant angelic and much had my rent and ancestry <unk> form and cast because of these factors the purpose and decide take a escape and clear a seven of honest and use for you
116,75,1,1,False,0.9999828338623047,<start> the story is about a working girl ann <unk> who has a pretty <unk> boyfriend paul kelly this boyfriend is so busy trying to start his own business that again and again he forgets dates or shows up late the final straw is when <unk> has a birthday and kelly says he's too busy to take her out to celebrate so not wanting to just stay home she goes on a blind date with what turns out to be a very rich young man neil hamilton sparks fly but it also becomes apparent after <unk> breaks off her relationship with kelly that new boyfriend hamilton is a love 'em and leave 'em sort of guy how all this is finally resolved is not too difficult to predict just suffice to say that in the end everything works out just perfectly br br this is a very modest little film from columbia pictures with a relatively small budget as well as second tier stars it's clearly a b movie despite there being small roles played by a mickey rooney and jane <unk> as both had yet to become famous now this is not and non to say that these are bad and tough actors or the production isn't any good in fact given the production values this is a pretty amaze film as everything seems to work so well despite having a pretty ordinary and somewhat predictable plot draft and scheme that's because the actors and managing director did a really good and in effect job lay the story across plus the writers do a good and full job of <unk> the characters and making you charge about them the ending in particular and specific is really and in genuine and dead on target tilt and slant angelic and much had my rent and ancestry <unk> form and cast because of these factors the purpose and decide take a escape and clear a seven of good and use for you
116,76,1,1,False,0.9999756813049316,<start> the story is about a working girl ann <unk> who has a pretty <unk> boyfriend paul kelly this boyfriend is so busy trying to start his own business that again and again he forgets dates or shows up late the final straw is when <unk> has a birthday and kelly says he's too busy to take her out to celebrate so not wanting to just stay home she goes on a blind date with what turns out to be a very rich young man neil hamilton sparks fly but it also becomes apparent after <unk> breaks off her relationship with kelly that new boyfriend hamilton is a love 'em and leave 'em sort of guy how all this is finally resolved is not too difficult to predict just suffice to say that in the end everything works out just perfectly br br this is a very modest little film from columbia pictures with a relatively small budget as well as second tier stars it's clearly a b movie despite there being small roles played by a mickey rooney and jane <unk> as both had yet to become famous now this is not and non to say that these are bad and tough actors or the production isn't any good in fact given the production values this is a pretty amaze film as everything seems to work so well despite having a pretty ordinary and somewhat predictable plot draft and scheme that's because the actors and managing director did a really good and in effect job lay the story across plus the writers do a good and full job of <unk> the characters and making you charge about them the ending in particular and specific is really and in genuine and dead on target tilt and slant angelic and much had my rent and ancestry <unk> form and cast because of these factors the purpose and decide take a escape and clear a seven of good and utilize for you
116,77,1,1,False,0.9999657869338989,<start> the story is about a working girl ann <unk> who has a pretty <unk> boyfriend paul kelly this boyfriend is so busy trying to start his own business that again and again he forgets dates or shows up late the final straw is when <unk> has a birthday and kelly says he's too busy to take her out to celebrate so not wanting to just stay home she goes on a blind date with what turns out to be a very rich young man neil hamilton sparks fly but it also becomes apparent after <unk> breaks off her relationship with kelly that new boyfriend hamilton is a love 'em and leave 'em sort of guy how all this is finally resolved is not too difficult to predict just suffice to say that in the end everything works out just perfectly br br this is a very modest little film from columbia pictures with a relatively small budget as well as second tier stars it's clearly a b movie despite there being small roles played by a mickey rooney and jane <unk> as both had yet to become famous now this is not and non to say that these are bad and tough actors or the production isn't any good in fact given the production values this is a pretty amaze film as everything seems to work so well despite having a pretty ordinary and somewhat predictable plot draft and scheme that's because the actors and managing director did a really good and in effect job lay the story across plus the writers do a good and full job of <unk> the characters and making you charge about them the ending in particular and specific is really and in genuine and dead on target tilt and slant angelic and much had my rent and ancestry <unk> form and cast because of these factors the purpose and decide take a escape and clear a 7 of good and utilize for you
116,78,1,1,False,0.9999260902404785,<start> the story is about a working girl ann <unk> who has a pretty <unk> boyfriend paul kelly this boyfriend is so busy trying to start his own business that again and again he forgets dates or shows up late the final straw is when <unk> has a birthday and kelly says he's too busy to take her out to celebrate so not wanting to just stay home she goes on a blind date with what turns out to be a very rich young man neil hamilton sparks fly but it also becomes apparent after <unk> breaks off her relationship with kelly that new boyfriend hamilton is a love 'em and leave 'em sort of guy how all this is finally resolved is not too difficult to predict just suffice to say that in the end everything works out just perfectly br br this is a very modest little film from columbia pictures with a relatively small budget as well as second tier stars it's clearly a b movie despite there being small roles played by a mickey rooney and jane <unk> as both had yet to become famous now this is not and non to say that these are bad and tough actors or the production isn't any good in fact given the production values this is a pretty amaze film as everything seems to work so well despite having a pretty ordinary and somewhat predictable plot draft and scheme that's because the actors and managing director did a really good and in effect job lay the story across plus the writers do a good and full job of <unk> the characters and making you charge about them the ending in particular and specific is really and in genuine and dead on target tilt and slant angelic and much had my rent and ancestry <unk> form and cast because of these factors the purpose and decide take a escape and clear a 7 of good and employ for you
116,79,1,1,False,0.9999302625656128,<start> the story is about a working girl ann <unk> who has a pretty <unk> boyfriend paul kelly this boyfriend is so busy trying to start his own business that again and again he forgets dates or shows up late the final straw is when <unk> has a birthday and kelly says he's too busy to take her out to celebrate so not wanting to just stay home she goes on a blind date with what turns out to be a very rich young man neil hamilton sparks fly but it also becomes apparent after <unk> breaks off her relationship with kelly that new boyfriend hamilton is a love 'em and leave 'em sort of guy how all this is finally resolved is not too difficult to predict just suffice to say that in the end everything works out just perfectly br br this is a very modest little film from columbia pictures with a relatively small budget as well as second tier stars it's clearly a b movie despite there being small roles played by a mickey rooney and jane <unk> as both had yet to become famous now this is not and non to say that these are bad and tough actors or the production isn't any good in fact given the production values this is a pretty amaze film as everything appear to work so well despite having a pretty ordinary and somewhat predictable plot draft and scheme that's because the actors and managing director did a really good and in effect job lay the story across plus the writers do a good and full job of <unk> the characters and making you charge about them the ending in particular and specific is really and in genuine and dead on target tilt and slant angelic and much had my rent and ancestry <unk> form and cast because of these factors the purpose and decide take a escape and clear a 7 of good and employ for you
116,80,1,1,False,0.9999191761016846,<start> the story is about a working girl ann <unk> who has a pretty <unk> boyfriend paul kelly this boyfriend is so busy trying to start his own business that again and again he forgets dates or shows up late the final straw is when <unk> has a birthday and kelly says he's too busy to take her out to celebrate so not wanting to just stay home she goes on a blind date with what turns out to be a very rich young man neil hamilton sparks fly but it also becomes apparent after <unk> breaks off her relationship with kelly that new boyfriend hamilton is a love 'em and leave 'em sort of guy how all this is finally resolved is not too difficult to predict just suffice to say that in the end everything works out just perfectly br br this is a very modest little film from columbia pictures with a relatively small budget as well as second tier stars it's clearly a b movie despite there being small roles played by a mickey rooney and jane <unk> as both had yet to become famous now this is not and non to say that these are bad and tough actors or the production isn't any good in fact given the production values this is a pretty amaze film as everything appear to work so well despite having a pretty ordinary and somewhat predictable plot draft and scheme that's because the actors and managing director did a really good and in effect job lay the story across plus the writers do a good and full job of <unk> the characters and making you charge about them the ending in particular and specific is really and in genuine and dead on target tilt and slant angelic and much had my rent and ancestry <unk> form and cast because of these factors the purpose and decide take a run away and clear a 7 of good and employ for you
116,81,1,1,False,0.9998094439506531,<start> the story is about a working girl ann <unk> who has a pretty <unk> boyfriend paul kelly this boyfriend is so busy trying to start his own business that again and again he forgets dates or shows up late the final straw is when <unk> has a birthday and kelly says he's too busy to take her out to celebrate so not wanting to just stay home she goes on a blind date with what turns out to be a very rich young man neil hamilton sparks fly but it also becomes apparent after <unk> breaks off her relationship with kelly that new boyfriend hamilton is a love 'em and leave 'em sort of guy how all this is finally resolved is not too difficult to predict just suffice to say that in the end everything works out just perfectly br br this is a very modest little film from columbia pictures with a relatively small budget as well as second tier stars it's clearly a b movie despite there being small roles played by a mickey rooney and jane <unk> as both had yet to become famous now this is not and non to say that these are bad and tough actors or the production isn't any good in fact given the production values this is a pretty amaze film as everything appear to work so well despite having a pretty ordinary and somewhat predictable plot draft and scheme that's because the actors and managing director did a really good and in effect job lay the story across plus the writers do a good and full job of <unk> the characters and making you charge about them the ending in particular and specific is really and in genuine and dead on target tilt and slant angelic and much had my rent and ancestry <unk> form and cast because of these factors the purpose and decide take a run away and clear a 7 of near and employ for you
116,82,1,1,False,0.9999803304672241,<start> the story is about a working girl ann <unk> who has a pretty <unk> boyfriend paul kelly this boyfriend is so busy trying to start his own business that again and again he forgets dates or shows up late the final straw is when <unk> has a birthday and kelly says he's too busy to take her out to celebrate so not wanting to just stay home she goes on a blind date with what turns out to be a very rich young man neil hamilton sparks fly but it also becomes apparent after <unk> breaks off her relationship with kelly that new boyfriend hamilton is a love 'em and leave 'em sort of guy how all this is finally resolved is not too difficult to predict just suffice to say that in the end everything works out just perfectly br br this is a very modest little film from columbia pictures with a relatively small budget as well as second tier stars it's clearly a b movie despite there being small roles played by a mickey rooney and jane <unk> as both had yet to become famous now this is not and non to say that these are bad and tough actors or the production isn't any good in fact given the production values this is a pretty amaze film as everything appear to work so well despite having a pretty ordinary and somewhat predictable plot draft and scheme that's because the actors and managing director did a really good and in effect job lay the story across plus the writers do a good and full job of <unk> the characters and making you charge about them the ending in particular and specific is really and in genuine and dead on target tilt and slant angelic and much had my rent and ancestry <unk> form and cast because of these factors the purpose and decide take a run away and clear a 7 of near and engage for you
116,83,1,1,False,0.9999794960021973,<start> the story is about a working girl ann <unk> who has a pretty <unk> boyfriend paul kelly this boyfriend is so busy trying to start his own business that again and again he forgets dates or shows up late the final straw is when <unk> has a birthday and kelly says he's too busy to take her out to celebrate so not wanting to just stay home she goes on a blind date with what turns out to be a very rich young man neil hamilton sparks fly but it also becomes apparent after <unk> breaks off her relationship with kelly that new boyfriend hamilton is a love 'em and leave 'em sort of guy how all this is finally resolved is not too difficult to predict just suffice to say that in the end everything works out just perfectly br br this is a very modest little film from columbia pictures with a relatively small budget as well as second tier stars it's clearly a b movie despite there being small roles played by a mickey rooney and jane <unk> as both had yet to become famous now this is not and non to say that these are bad and tough actors or the production isn't any good in fact given the production values this is a pretty amaze film as everything appear to work so well despite having a pretty ordinary and somewhat predictable plot draft and scheme that's because the actors and managing director did a really good and in effect job lay the story across plus the writers do a good and full job of <unk> the characters and making you charge about them the ending in particular and specific is really and in genuine and dead on target tilt and slant angelic and much had my rent and ancestry <unk> form and cast because of these factors the purpose and decide take a run off and clear a 7 of near and engage for you
116,84,1,1,False,0.9999257326126099,<start> the story is about a working girl ann <unk> who has a pretty <unk> boyfriend paul kelly this boyfriend is so busy trying to start his own business that again and again he forgets dates or shows up late the final straw is when <unk> has a birthday and kelly says he's too busy to take her out to celebrate so not wanting to just stay home she goes on a blind date with what turns out to be a very rich young man neil hamilton sparks fly but it also becomes apparent after <unk> breaks off her relationship with kelly that new boyfriend hamilton is a love 'em and leave 'em sort of guy how all this is finally resolved is not too difficult to predict just suffice to say that in the end everything works out just perfectly br br this is a very modest little film from columbia pictures with a relatively small budget as well as second tier stars it's clearly a b movie despite there being small roles played by a mickey rooney and jane <unk> as both had yet to become famous now this is not and non to say that these are bad and tough actors or the production isn't any good in fact given the production values this is a pretty amaze film as everything appear to work so well despite having a pretty ordinary and somewhat predictable plot draft and scheme that's because the actors and managing director did a really good and in effect job lay the story across plus the writers do a good and full job of <unk> the characters and making you charge about them the ending in particular and specific is really and in genuine and dead on target tilt and slant angelic and much had my rent and ancestry <unk> form and cast because of these factors the purpose and decide take a run off and clear a 7 of dear and engage for you
116,85,1,1,False,0.9999794960021973,<start> the story is about a working girl ann <unk> who has a pretty <unk> boyfriend paul kelly this boyfriend is so busy trying to start his own business that again and again he forgets dates or shows up late the final straw is when <unk> has a birthday and kelly says he's too busy to take her out to celebrate so not wanting to just stay home she goes on a blind date with what turns out to be a very rich young man neil hamilton sparks fly but it also becomes apparent after <unk> breaks off her relationship with kelly that new boyfriend hamilton is a love 'em and leave 'em sort of guy how all this is finally resolved is not too difficult to predict just suffice to say that in the end everything works out just perfectly br br this is a very modest little film from columbia pictures with a relatively small budget as well as second tier stars it's clearly a b movie despite there being small roles played by a mickey rooney and jane <unk> as both had yet to become famous now this is not and non to say that these are bad and tough actors or the production isn't any good in fact given the production values this is a pretty amaze film as everything appear to work so well despite having a pretty ordinary and somewhat predictable plot draft and scheme that's because the actors and managing director did a really good and in effect job lay the story across plus the writers do a good and full job of <unk> the characters and making you charge about them the ending in particular and specific is really and in genuine and dead on target tilt and slant angelic and much had my rent and ancestry <unk> form and cast because of these factors the purpose and decide take a run off and clear a 7 of near and engage for you
116,86,1,1,False,0.9999788999557495,<start> the story is about a working girl ann <unk> who has a pretty <unk> boyfriend paul kelly this boyfriend is so busy trying to start his own business that again and again he forgets dates or shows up late the final straw is when <unk> has a birthday and kelly says he's too busy to take her out to celebrate so not wanting to just stay home she goes on a blind date with what turns out to be a very rich young man neil hamilton sparks fly but it also becomes apparent after <unk> breaks off her relationship with kelly that new boyfriend hamilton is a love 'em and leave 'em sort of guy how all this is finally resolved is not too difficult to predict just suffice to say that in the end everything works out just perfectly br br this is a very modest little film from columbia pictures with a relatively small budget as well as second tier stars it's clearly a b movie despite there being small roles played by a mickey rooney and jane <unk> as both had yet to become famous now this is not and non to say that these are bad and tough actors or the production isn't any good in fact given the production values this is a pretty amaze and stick film as everything appear to work so well despite having a pretty ordinary and somewhat predictable plot draft and scheme that's because the actors and managing director did a really good and in effect job lay the story across plus the writers do a good and full job of <unk> the characters and making you charge about them the ending in particular and specific is really and in genuine and dead on target tilt and slant angelic and much had my rent and ancestry <unk> form and cast because of these factors the purpose and decide take a run off and clear a 7 of near and engage for you
116,87,1,1,False,0.9999878406524658,<start> the story is about a working girl ann <unk> who has a pretty <unk> boyfriend paul kelly this boyfriend is so busy trying to start his own business that again and again he forgets dates or shows up late the final straw is when <unk> has a birthday and kelly says he's too busy to take her out to celebrate so not wanting to just stay home she goes on a blind date with what turns out to be a very rich young man neil hamilton sparks fly but it also becomes apparent after <unk> breaks off her relationship with kelly that new boyfriend hamilton is a love 'em and leave 'em sort of guy how all this is finally resolved is not too difficult to predict just suffice to say that in the end everything works out just perfectly br br this is a very modest little film from columbia pictures with a relatively small budget as well as second tier stars it's clearly a b movie despite there being small roles played by a mickey rooney and jane <unk> as both had yet to become famous now this is not and non to say that these are bad and tough actors or the production isn't any good in fact given the production values this is a pretty amaze and stick film as everything appear to work so well despite having a pretty ordinary and somewhat predictable plot draft and scheme that's because the actors and managing director did a really good and in effect job lay the story across plus the writers do a good and full job of <unk> the characters and making you charge about them the ending in particular and specific is really and in genuine and dead on target tilt and slant angelic and much had my rent and ancestry <unk> form and cast because of these factors the purpose and decide take a run off and clear a 7 of near and lock for you
116,88,1,1,False,0.9999902248382568,<start> the story is about a working girl ann <unk> who has a pretty <unk> boyfriend paul kelly this boyfriend is so busy trying to start his own business that again and again he forgets dates or shows up late the final straw is when <unk> has a birthday and kelly says he's too busy to take her out to celebrate so not wanting to just stay home she goes on a blind date with what turns out to be a very rich young man neil hamilton sparks fly but it also becomes apparent after <unk> breaks off her relationship with kelly that new boyfriend hamilton is a love 'em and leave 'em sort of guy how all this is finally resolved is not too difficult to predict just suffice to say that in the end everything works out just perfectly br br this is a very modest little film from columbia pictures with a relatively small budget as well as second tier stars it's clearly a b movie despite there being small roles played by a mickey rooney and jane <unk> as both had yet to become famous now this is not and non to say that these are bad and tough actors or the production isn't any good in fact given the production values this is a pretty amaze and stick film as everything appear to work so well despite having a pretty ordinary and somewhat predictable plot draft and scheme that's because the actors and managing director did a really good and in effect job lay the story across plus the writers do a good and full job of <unk> the characters and making you charge about them the ending in particular and specific is really and in genuine and dead on target tilt and slant angelic and much had my rent and ancestry <unk> form and cast because of these factors the purpose and settle take a run off and clear a 7 of near and lock for you
116,89,1,1,False,0.999971866607666,<start> the story is about a working girl ann <unk> who has a pretty <unk> boyfriend paul kelly this boyfriend is so busy trying to start his own business that again and again he forgets dates or shows up late the final straw is when <unk> has a birthday and kelly says he's too busy to take her out to celebrate so not wanting to just stay home she goes on a blind date with what turns out to be a very rich young man neil hamilton sparks fly but it also becomes apparent after <unk> breaks off her relationship with kelly that new boyfriend hamilton is a love 'em and leave 'em sort of guy how all this is finally resolved is not too difficult to predict just suffice to say that in the end everything works out just perfectly br br this is a very modest little film from columbia pictures with a relatively small budget as well as second tier stars it's clearly a b movie despite there being small roles played by a mickey rooney and jane <unk> as both had yet to become famous now this is not and non to say that these are bad and tough actors or the production isn't any good in fact given the production values this is a pretty amaze and stick film as everything appear to work so well despite having a pretty ordinary and somewhat predictable plot draft and scheme that's because the actors and managing director did a really good and in effect job lay the story across plus the writers do a good and full job of <unk> the characters and making you charge about them the ending in particular and specific is really and in genuine and dead on target tilt and slant angelic and much had my rent and ancestry <unk> form and cast because of these factors the purpose and settle take a run off and clear a 7 of dear and lock for you
116,90,1,1,False,0.9999699592590332,<start> the story is about a working girl ann <unk> who has a pretty <unk> boyfriend paul kelly this boyfriend is so busy trying to start his own business that again and again he forgets dates or shows up late the final straw is when <unk> has a birthday and kelly says he's too busy to take her out to celebrate so not wanting to just stay home she goes on a blind date with what turns out to be a very rich young man neil hamilton sparks fly but it also becomes apparent after <unk> breaks off her relationship with kelly that new boyfriend hamilton is a love 'em and leave 'em sort of guy how all this is finally resolved is not too difficult to predict just suffice to say that in the end everything works out just perfectly br br this is a very modest little film from columbia pictures with a relatively small budget as well as second tier stars it's clearly a b movie despite there being small roles played by a mickey rooney and jane <unk> as both had yet to become famous now this is not and non to say that these are bad and tough actors or the production isn't any good in fact given the production values this is a pretty amaze and stick film as everything appear to work so well despite having a pretty ordinary and somewhat predictable plot draft and scheme that's because the actors and managing director did a really good and in effect job lay the story across plus the writers do a good and full job of <unk> the characters and making you charge about them the ending in particular and specific is really and in genuine and dead on target tilt and slant angelic and much had my rent and ancestry <unk> form and cast because of these factors the purpose and settle take a die hard off and clear a 7 of dear and lock for you
116,91,1,1,False,0.9999713897705078,<start> the story is about a working girl ann <unk> who has a pretty <unk> boyfriend paul kelly this boyfriend is so busy trying to start his own business that again and again he forgets dates or shows up late the final straw is when <unk> has a birthday and kelly says he's too busy to take her out to celebrate so not wanting to just stay home she goes on a blind date with what turns out to be a very rich young man neil hamilton sparks fly but it also becomes apparent after <unk> breaks off her relationship with kelly that new boyfriend hamilton is a love 'em and leave 'em sort of guy how all this is finally resolved is not too difficult to predict just suffice to say that in the end everything works out just perfectly br br this is a very modest little film from columbia pictures with a relatively small budget as well as second tier stars it's clearly a b movie despite there being small roles played by a mickey rooney and jane <unk> as both had yet to become famous now this is not and non to say that these are bad and tough actors or the production isn't any good in fact given the production values this is a pretty amaze and stick film as everything appear to work so well despite having a pretty ordinary and somewhat predictable plot draft and scheme that's because the actors and managing director did a really good and in effect job lay the story across plus the writers do a good and full job of <unk> the characters and making you charge about them the ending in particular and specific is really and in genuine and dead on target tilt and slant angelic and much had my rent and ancestry <unk> form and cast because of these factors the purpose and settle take a die hard and punishing off and clear a 7 of dear and lock for you
116,92,1,1,False,0.999971866607666,<start> the story is about a working girl ann <unk> who has a pretty <unk> boyfriend paul kelly this boyfriend is so busy trying to start his own business that again and again he forgets dates or shows up late the final straw is when <unk> has a birthday and kelly says he's too busy to take her out to celebrate so not wanting to just stay home she goes on a blind date with what turns out to be a very rich young man neil hamilton sparks fly but it also becomes apparent after <unk> breaks off her relationship with kelly that new boyfriend hamilton is a love 'em and leave 'em sort of guy how all this is finally resolved is not too difficult to predict just suffice to say that in the end everything works out just perfectly br br this is a very modest little film from columbia pictures with a relatively small budget as well as second tier stars it's clearly a b movie despite there being small roles played by a mickey rooney and jane <unk> as both had yet to become famous now this is not and non to say that these are bad and tough actors or the production isn't any good in fact given the production values this is a pretty amaze and stick film as everything appear to work so well despite having a pretty ordinary and somewhat predictable plot draft and scheme that's because the actors and managing director did a really good and in effect job lay the story across plus the writers do a good and full job of <unk> the characters and making you charge about them the ending in particular and specific is really and in genuine and dead on target tilt and slant angelic and much had my rent and ancestry <unk> form and cast because of these factors the purpose and settle take a die and exit hard and punishing off and clear a 7 of dear and lock for you
116,93,1,1,False,0.9999849796295166,<start> the story is about a working girl ann <unk> who has a pretty <unk> boyfriend paul kelly this boyfriend is so busy trying to start his own business that again and again he forgets dates or shows up late the final straw is when <unk> has a birthday and kelly says he's too busy to take her out to celebrate so not wanting to just stay home she goes on a blind date with what turns out to be a very rich young man neil hamilton sparks fly but it also becomes apparent after <unk> breaks off her relationship with kelly that new boyfriend hamilton is a love 'em and leave 'em sort of guy how all this is finally resolved is not too difficult to predict just suffice to say that in the end everything works out just perfectly br br this is a very modest little film from columbia pictures with a relatively small budget as well as second tier stars it's clearly a b movie despite there being small roles played by a mickey rooney and jane <unk> as both had yet to become famous now this is not and non to say that these are bad and tough actors or the production isn't any good in fact given the production values this is a pretty amaze and stick film as everything appear to work so well despite having a pretty ordinary and somewhat predictable plot draft and scheme that's because the actors and managing director did a really good and in effect job lay the story across plus the writers do a good and full job of <unk> the characters and making you charge about them the ending in particular and specific is really and in genuine and dead on target tilt and slant angelic and much had my rent and ancestry <unk> form and cast because of these factors the purpose and settle take a die and exit hard and punishing off and clear a seven of dear and lock for you
116,94,1,1,False,0.9999959468841553,<start> the story is about a working girl ann <unk> who has a pretty <unk> boyfriend paul kelly this boyfriend is so busy trying to start his own business that again and again he forgets dates or shows up late the final straw is when <unk> has a birthday and kelly says he's too busy to take her out to celebrate so not wanting to just stay home she goes on a blind date with what turns out to be a very rich young man neil hamilton sparks fly but it also becomes apparent after <unk> breaks off her relationship with kelly that new boyfriend hamilton is a love 'em and leave 'em sort of guy how all this is finally resolved is not too difficult to predict just suffice to say that in the end everything works out just perfectly br br this is a very modest little film from columbia pictures with a relatively small budget as well as second tier stars it's clearly a b movie despite there being small roles played by a mickey rooney and jane <unk> as both had yet to become famous now this is not and non to say that these are bad and tough actors or the production isn't any good in fact given the production values this is a pretty amaze and stick film as everything appear to work so well despite having a pretty ordinary and somewhat predictable plot draft and scheme that's because the actors and managing director did a really good and in effect job lay the story across plus the writers do a good and full job of <unk> the characters and making you charge about them the ending in particular and specific is really and in genuine and dead on target tilt and slant angelic and much had my rent and ancestry <unk> form and cast because of these factors the purpose and settle take a die and exit hard and punishing off and clear a seven of love and lock for you
116,95,1,1,False,0.9998699426651001,<start> the story is about a working girl ann <unk> who has a pretty <unk> boyfriend paul kelly this boyfriend is so busy trying to start his own business that again and again he forgets dates or shows up late the final straw is when <unk> has a birthday and kelly says he's too busy to take her out to celebrate so not wanting to just stay home she goes on a blind date with what turns out to be a very rich young man neil hamilton sparks fly but it also becomes apparent after <unk> breaks off her relationship with kelly that new boyfriend hamilton is a love 'em and leave 'em sort of guy how all this is finally resolved is not too difficult to predict just suffice to say that in the end everything works out just perfectly br br this is a very modest little film from columbia pictures with a relatively small budget as well as second tier stars it's clearly a b movie despite there being small roles played by a mickey rooney and jane <unk> as both had yet to become famous now this is not and non to say that these are bad and tough actors or the production isn't any good in fact given the production values this is a pretty amaze and stick film as everything appear to work so well despite having a pretty ordinary and somewhat predictable plot draft and scheme that's because the actors and managing director did a really good and in effect job lay the story across plus the writers do a good and full job of <unk> the characters and making you charge about them the ending in particular and specific is really and in genuine and dead on target tilt and slant angelic and much had my rent and ancestry <unk> form and cast because of these factors the purpose and settle take a die and exit hard and punishing off and clear a seven of love and shut up for you
116,96,1,1,False,0.9998217225074768,<start> the story is about a working girl ann <unk> who has a pretty <unk> boyfriend paul kelly this boyfriend is so busy trying to start his own business that again and again he forgets dates or shows up late the final straw is when <unk> has a birthday and kelly says he's too busy to take her out to celebrate so not wanting to just stay home she goes on a blind date with what turns out to be a very rich young man neil hamilton sparks fly but it also becomes apparent after <unk> breaks off her relationship with kelly that new boyfriend hamilton is a love 'em and leave 'em sort of guy how all this is finally resolved is not too difficult to predict just suffice to say that in the end everything works out just perfectly br br this is a very modest little film from columbia pictures with a relatively small budget as well as second tier stars it's clearly a b movie despite there being small roles played by a mickey rooney and jane <unk> as both had yet to become famous now this is not and non to say that these are bad and tough actors or the production isn't any good in fact given the production values this is a pretty amaze and stick film as everything appear to work so well despite having a pretty ordinary and somewhat predictable plot draft and scheme that's because the actors and managing director did a really good and in effect job lay the story across plus the writers do a good and full job of <unk> the characters and making you charge about them the ending in particular and specific is really and in genuine and dead on target tilt and slant angelic and much had my rent and ancestry <unk> form and cast because of these factors the purpose and settle take a die and exit hard and punishing off and gain a seven of love and shut up for you
116,97,1,1,False,0.9999934434890747,<start> the story is about a working girl ann <unk> who has a pretty <unk> boyfriend paul kelly this boyfriend is so busy trying to start his own business that again and again he forgets dates or shows up late the final straw is when <unk> has a birthday and kelly says he's too busy to take her out to celebrate so not wanting to just stay home she goes on a blind date with what turns out to be a very rich young man neil hamilton sparks fly but it also becomes apparent after <unk> breaks off her relationship with kelly that new boyfriend hamilton is a love 'em and leave 'em sort of guy how all this is finally resolved is not too difficult to predict just suffice to say that in the end everything works out just perfectly br br this is a very modest little film from columbia pictures with a relatively small budget as well as second tier stars it's clearly a b movie despite there being small roles played by a mickey rooney and jane <unk> as both had yet to become famous now this is not and non to say that these are bad and tough actors or the production isn't any good in fact given the production values this is a pretty amaze and stick film as everything appear to work so well despite having a pretty ordinary and somewhat predictable plot draft and scheme that's because the actors and managing director did a really good and in effect job lay the story across plus the writers do a good and full job of <unk> the characters and making you charge about them the ending in particular and specific is really and in genuine and dead on target tilt and slant angelic and much had my rent and ancestry <unk> form and cast because of these factors the purpose and settle take a die and exit hard and punishing off and gain a seven of love and close up for you
116,98,1,1,False,0.999994158744812,<start> the story is about a working girl ann <unk> who has a pretty <unk> boyfriend paul kelly this boyfriend is so busy trying to start his own business that again and again he forgets dates or shows up late the final straw is when <unk> has a birthday and kelly says he's too busy to take her out to celebrate so not wanting to just stay home she goes on a blind date with what turns out to be a very rich young man neil hamilton sparks fly but it also becomes apparent after <unk> breaks off her relationship with kelly that new boyfriend hamilton is a love 'em and leave 'em sort of guy how all this is finally resolved is not too difficult to predict just suffice to say that in the end everything works out just perfectly br br this is a very modest little film from columbia pictures with a relatively small budget as well as second tier stars it's clearly a b movie despite there being small roles played by a mickey rooney and jane <unk> as both had yet to become famous now this is not and non to say that these are bad and tough actors or the production isn't any good in fact given the production values this is a pretty amaze and stick film as everything appear to work so well despite having a pretty ordinary and somewhat predictable plot draft and scheme that's because the actors and managing director did a really good and in effect job lay the story across plus the writers do a good and full job of <unk> the characters and making you charge about them the ending in particular and specific is really and in genuine and dead on target tilt and slant angelic and much had my rent and ancestry <unk> form and cast because of these factors the purpose and settle take a die and exit hard and punishing off and gain a seven of bang and close up for you
116,99,1,1,False,0.9999891519546509,<start> the story is about a working girl ann <unk> who has a pretty <unk> boyfriend paul kelly this boyfriend is so busy trying to start his own business that again and again he forgets dates or shows up late the final straw is when <unk> has a birthday and kelly says he's too busy to take her out to celebrate so not wanting to just stay home she goes on a blind date with what turns out to be a very rich young man neil hamilton sparks fly but it also becomes apparent after <unk> breaks off her relationship with kelly that new boyfriend hamilton is a love 'em and leave 'em sort of guy how all this is finally resolved is not too difficult to predict just suffice to say that in the end everything works out just perfectly br br this is a very modest little film from columbia pictures with a relatively small budget as well as second tier stars it's clearly a b movie despite there being small roles played by a mickey rooney and jane <unk> as both had yet to become famous now this is not and non to say that these are bad and tough actors or the production isn't any good in fact given the production values this is a pretty amaze and stick film as everything appear to work so well despite having a pretty ordinary and somewhat predictable plot draft and scheme that's because the actors and managing director did a really good and in effect job lay the story across plus the writers do a good and full job of <unk> the characters and making you charge about them the ending in particular and specific is really and in genuine and dead on target tilt and slant angelic and much had my rent and ancestry <unk> form and cast because of these factors the purpose and settle take a die and exit hard and punishing off and gain a seven of bang and ending up for you
116,100,1,1,False,0.9999295473098755,<start> the story is about a working girl ann <unk> who has a pretty <unk> boyfriend paul kelly this boyfriend is so busy trying to start his own business that again and again he forgets dates or shows up late the final straw is when <unk> has a birthday and kelly says he's too busy to take her out to celebrate so not wanting to just stay home she goes on a blind date with what turns out to be a very rich young man neil hamilton sparks fly but it also becomes apparent after <unk> breaks off her relationship with kelly that new boyfriend hamilton is a love 'em and leave 'em sort of guy how all this is finally resolved is not too difficult to predict just suffice to say that in the end everything works out just perfectly br br this is a very modest little film from columbia pictures with a relatively small budget as well as second tier stars it's clearly a b movie despite there being small roles played by a mickey rooney and jane <unk> as both had yet to become famous now this is not and non to say that these are bad and tough actors or the production isn't any good in fact given the production values this is a pretty amaze and stick film as everything appear to work so well despite having a pretty ordinary and somewhat predictable plot draft and scheme that's because the actors and managing director did a really good and in effect job lay the story across plus the writers do a good and full job of <unk> the characters and making you charge about them the ending in particular and specific is really and in genuine and dead on target tilt and slant angelic and much had my rent and ancestry <unk> form and cast because of these factors the purpose and settle take a die and exit hard and punishing off and gain a seven of bang and ending improving for you
